-34
-1
19
20
-15
-22
-11
-27
-30
-24
-38
-10
9
-36
-26
23
-25
-30
-38
-35
-27
-13
-26
-18
-21
-13
-41
-33
4
29
-12
4
-16
7
17
-32
5
-30
-32
-18
-7
-6
21
3
-38
-6
-17
-5
-28
-12
-26
-32
4
-5
4
-12
-22
-4
-46
-9
-34
-15
-2
-30
-39
-25
-76
29
-10
30
-35
-36
-95
34
4
45
3
35
-70
-56
-22
0
-13
5
0
-29
-13
24
-16
-76
-15
19
9
-8
-41
40
46
-2
-91
9
36
26
-14
51
-25
-86
55
-40
34
-31
-42
-7
-55
47
-2
20
22
-13
15
-83
-64
102
-45
-16
46
27
-50
-2
-14
34
-35
8
-6
-54
-17
-21
74
-26
-8
-8
36
18
-90
-48
-77
-32
-21
-19
-47
-7
23
-3
-70
11
20
39
79
15
41
-21
23
-30
-35
-99
-25
41
-126
47
32
13
-24
74
49
-41
-15
-47
-112
0
20
70
10
-6
14
11
-22
14
-12
-49
20
71
-25
2
-42
85
-58
-50
-42
-78
26
11
-8
-89
-72
21
36
-15
-75
-52
27
-41
23
-97
20
25
18
-65
-16
-23
32
39
53
-7
-44
-25
-55
18
-25
-9
-72
28
-3
10
10
-11
-120
34
68
-87
3
64
-7
-24
-32
66
-23
-51
-31
-97
-48
-7
8
18
57
26
-53
-26
-23
55
22
-105
-60
2
-18
-38
7
-41
40
-36
18
-16
18
41
-12
78
12
4
43
33
-30
-123
12
-43
-9
14
-61
49
37
3
1
-3
33
-17
-57
-76
3
73
15
0
-45
11
27
27
-48
-39
15
8
20
12
4
16
38
-44
49
-33
-7
-52
-27
-100
-28
50
-16
39
24
-24
18
113
80
66
14
-1
-50
22
-11
91
30
-42
-32
-95
-11
-20
30
30
-29
-45
-27
-32
4
34
-45
-32
32
-119
20
-39
86
10
56
-34
-21
9
-73
-35
-15
-113
47
-33
-19
90
-39
-54
-7
-83
21
-31
60
13
-41
21
-3
-74
-69
-28
33
-82
6
-43
-31
3
8
33
-34
-42
40
61
-37
29
-19
-6
-37
-94
12
-111
2
6
-12
29
-4
-6
-74
31
-103
-46
-5
1
-112
55
-27
72
-99
26
-23
0
-26
-74
-4
25
31
29
-4
27
10
39
-56
13
-68
37
-5
75
32
-11
-44
92
-34
29
19
47
-44
-33
3
-60
70
49
-96
-23
-15
36
13
-149
-39
-13
-43
-30
5
-123
34
89
30
-30
47
10
7
-11
112
-40
-5
-69
-74
-22
57
15
-18
-22
49
0
-9
3
-64
-59
49
-74
31
-55
3
-99
0
8
-7
46
11
-80
16
-22
43
-123
-4
-22
39
60
58
-8
-22
-67
36
-84
-16
-4
7
-32
35
-43
18
-2
18
28
-48
-51
1
-105
-42
0
29
-78
-40
19
-18
25
-15
25
10
-50
-1
67
26
6
16
4
-35
10
7
24
30
-49
-31
-114
95
-61
42
-47
23
8
-28
63
-81
34
-76
15
17
12
4
-40
-52
17
39
67
-53
-113
23
14
23
17
-20
5
-138
22
21
27
-18
0
29
35
-83
-65
-16
16
-41
17
-34
-33
-26
-10
26
3
19
47
22
11
3
-26
-36
-57
-25
-87
-29
2
-102
47
39
117
-39
-25
46
-54
15
-54
-92
18
98
32
-25
37
44
46
-52
6
-11
-120
-35
3
2
-32
66
-67
51
19
42
91
-67
-7
-32
14
12
-40
10
11
61
49
-20
-9
-130
-40
4
10
-19
-23
-23
18
4
-48
4
-18
-98
17
-38
82
-4
-143
16
40
-19
-17
58
-50
-46
42
13
17
-17
97
5
-104
77
-2
3
-142
61
-7
57
29
-48
-11
-39
28
-101
-3
-12
35
-30
29
42
14
-86
-48
-88
-10
-31
-10
-30
1
-7
27
-18
29
-91
17
5
-20
11
-74
34
-25
-29
-65
-5
80
-32
34
-4
-8
-23
-69
25
0
79
-23
2
-16
70
11
-20
72
27
0
-21
-6
-18
24
-13
-107
-25
-5
29
-168
59
19
-63
40
13
38
17
-9
-44
-19
47
63
31
31
19
-50
15
-6
-25
104
-66
33
6
-55
32
39
-88
-16
3
-53
46
-119
-29
-20
31
0
-42
-72
11
-18
-78
-13
-45
12
-32
55
-48
-25
2
-74
51
34
14
65
-31
-9
18
-54
-13
49
14
-19
-42
-28
-18
-36
13
-96
26
-7
19
20
79
-59
-21
10
79
55
-13
11
50
-29
-78
-50
26
74
46
-190
-65
-72
-8
18
-11
35
-64
92
-53
-18
1
104
-18
110
-53
-31
-106
-89
45
-94
-67
46
-35
12
68
-21
-174
63
-50
-111
-23
12
73
-45
-128
-23
-107
18
32
96
-44
67
-6
6
-103
-15
78
64
20
-105
-27
14
-28
43
37
-14
-48
-41
46
33
2
-53
8
7
-14
-38
-2
21
-3
-6
-74
-38
-2
-8
-44
31
70
-92
-8
2
40
-8
-3
20
-15
79
0
-33
14
56
-39
-8
-125
27
15
-30
-10
-128
24
86
73
-84
33
39
1
-83
-73
-50
-127
-59
0
3
-44
-72
0
15
11
-28
27
22
45
-9
47
-63
-6
67
4
2
61
13
-14
-20
16
-111
23
-99
26
-6
8
-5
42
7
5
37
0
2
-108
38
7
108
32
2
-40
-17
-53
43
25
21
-4
28
-5
-85
-17
9
1
-147
40
-9
-23
-75
11
-79
8
33
24
24
-60
35
-32
-93
-32
-39
-85
-68
21
-49
14
-3
104
22
-63
48
-51
-49
52
-25
-50
28
-10
21
-22
9
-35
-23
-36
-25
25
-28
50
-18
31
-37
25
-5
-16
-61
68
10
7
-12
36
31
-82
39
28
-11
23
12
12
-61
41
-24
-46
-22
-35
36
45
-26
45
-28
-112
73
24
-28
-44
-70
-26
1
0
35
18
-80
-25
-5
30
-1
-6
-13
-87
9
-44
-47
-34
-42
-2
34
49
-25
-2
-26
-51
-66
-88
46
16
-29
-34
-44
52
-57
27
-42
2
-120
-23
-89
-111
30
6
7
17
34
26
-101
-42
58
6
42
7
15
-59
-35
-76
-72
44
7
40
-27
-45
29
22
3
-22
22
3
22
40
-55
11
-82
-78
-36
-47
-8
31
1
-14
82
22
32
-34
-15
-20
-3
55
38
24
9
65
-11
-6
10
-59
61
-108
1
-104
42
-24
14
59
24
-10
-20
-25
-59
23
37
11
-74
47
-80
-118
5
-61
51
74
-118
108
-2
121
-8
-25
-37
-6
23
-44
-20
-58
-34
-47
78
23
16
70
11
-124
-19
30
11
-22
114
-61
-10
-12
-34
46
75
-46
7
34
-2
5
-15
39
99
23
-2
31
-24
-126
62
-223
-37
38
9
78
-45
-117
29
-2
52
29
-8
-74
-13
39
-37
42
-35
-3
-43
36
40
-26
-65
11
-99
33
-37
15
21
7
-114
59
-7
-102
52
24
-1
34
23
-14
-64
13
-52
63
-21
2
-54
-54
-4
-32
-27
34
-27
-36
4
13
-41
6
-30
-13
-39
49
-53
0
15
37
-27
22
-33
34
1
-23
-83
74
-54
8
-26
-49
36
8
11
-99
2
25
-34
-15
125
-34
-43
24
16
64
-24
-33
12
-10
-22
7
-19
-74
53
53
-26
30
-23
27
22
-31
27
42
61
-18
15
-18
27
-30
-70
32
69
13
18
10
-38
-66
-2
-50
44
38
21
-27
3
72
-74
-52
-39
-17
16
-10
0
-108
-26
-56
-40
-61
11
-91
-52
-18
58
21
-16
5
-21
-1
-48
-30
28
-53
-11
-76
31
35
-16
-31
-26
-97
-3
16
-13
-61
42
-12
-22
-52
26
12
40
17
-28
33
47
76
9
-93
16
-24
-58
17
-15
-19
-21
-136
-19
-27
86
63
42
-50
42
-29
81
3
51
-88
48
45
2
-81
-31
-12
-47
-5
-40
35
50
-100
-103
13
81
52
38
17
-114
-68
45
7
46
-13
11
8
8
-21
8
30
-56
11
17
-26
-76
25
82
7
-21
-19
-4
-46
-16
3
-34
-44
76
-26
4
-26
-82
-16
-86
-63
-45
48
-9
19
13
-57
-65
-11
-8
14
-74
-24
-41
104
73
-7
20
7
83
-61
19
15
20
-73
-76
-135
-99
22
-55
-94
48
-55
47
3
-98
-18
16
-14
-41
-3
47
16
-1
-88
10
-43
29
65
-60
-84
9
-69
53
49
22
7
34
14
25
10
35
-147
70
24
8
13
43
39
-64
-93
-146
-49
65
89
-24
0
-12
0
68
45
-27
-19
24
-50
36
-32
-10
-178
35
10
-95
47
-117
13
-30
40
-38
17
-54
-9
8
1
32
-2
-29
-27
-21
-24
52
3
-43
84
68
-33
-78
-50
-4
68
-4
26
-48
50
0
-75
-6
-147
-28
31
-13
5
60
52
68
-89
-62
20
33
-18
-46
9
-49
-26
-35
-99
-39
57
30
43
-98
-65
-33
-85
-47
-47
-21
5
-35
-108
22
-74
-10
20
-88
-93
-12
-17
35
39
-45
-1
56
-4
-161
-11
-44
21
1
45
45
9
-17
-66
-6
12
21
-82
-28
-46
-85
-18
-11
-9
20
5
-27
-47
-35
-4
42
-4
-103
-7
18
-9
-33
29
-44
-30
40
-42
-95
-67
-32
28
12
44
14
33
0
-41
-46
4
27
-4
42
29
12
-63
-21
-11
-80
16
-51
-3
-19
-18
-36
17
75
5
-23
8
-60
-103
59
-14
54
-60
32
38
0
-28
-23
-33
6
61
8
-44
-21
18
-29
-4
-87
-9
-9
-50
-35
38
-47
-12
1
30
11
-62
-9
41
-35
87
-69
-40
47
-12
-42
-53
7
-35
99
29
12
53
14
15
-26
40
-20
39
-27
-94
-17
-48
59
20
-36
3
13
24
-60
-69
-64
-23
-12
10
23
-54
24
1
-2
49
-52
-85
52
33
9
-34
41
-74
46
-26
-72
-2
-55
-5
-69
-35
-1
19
5
26
-116
-11
31
57
-26
2
80
-30
6
17
-11
25
67
1
3
-44
-17
19
-25
-21
-130
35
-73
-30
8
-23
56
29
12
5
-61
-33
-38
-75
31
-33
54
-5
41
-3
21
27
26
-8
7
-68
26
-6
-73
5
46
0
-87
-8
6
-12
-82
7
-163
1
67
6
49
-4
-171
1
70
-10
64
44
15
11
-78
35
58
-2
-3
-24
-61
63
-30
-80
-9
-19
-112
-13
-68
36
6
55
40
18
-4
-16
46
35
22
-29
44
33
9
42
-31
-29
53
-26
0
-103
43
17
-69
34
-7
-5
76
-28
38
-56
42
-34
-67
-53
30
-119
-33
19
17
77
-54
-21
23
84
94
5
-50
5
33
5
53
-9
-51
-8
-98
-105
-13
-14
-1
22
52
2
-46
10
-28
-68
68
-4
-71
55
38
2
64
71
-5
35
45
-68
49
-113
-113
36
24
46
-28
-24
38
-51
-51
-32
51
-37
42
-133
-37
-75
-78
-140
39
25
-12
-5
-11
-39
10
73
-27
31
-111
-2
10
-77
-45
-70
45
-47
-47
4
17
-4
-72
-167
-22
17
0
-59
-11
19
-54
-41
-67
5
48
-141
-9
0
7
18
6
34
-40
-10
15
-21
40
66
22
-51
-55
51
29
29
-17
17
-1
-81
2
20
-11
-60
21
-1
100
73
41
85
-47
-52
18
37
29
26
-43
9
21
-56
34
-35
0
16
-22
-25
18
15
-6
-79
-16
14
-75
26
9
-49
-71
-19
-41
-78
39
-76
-7
74
-44
-24
-68
1
-41
6
20
-56
-89
-84
61
-104
-55
48
71
-81
0
-19
-8
-20
-122
1
18
-68
23
-10
-19
44
-32
49
-120
-93
12
38
-80
38
13
-116
31
-4
-65
-31
29
-27
50
34
-9
4
-39
-69
-31
6
11
-67
0
9
-46
-32
11
-42
-50
-111
-4
21
-27
-13
-117
64
-68
31
44
-36
3
47
-8
3
-81
44
-61
-59
21
-8
-31
-38
88
-1
-15
37
-6
10
18
49
55
-47
24
-59
58
24
-25
73
-41
37
-19
22
8
-85
-1
6
-1
-22
33
35
-22
-53
13
28
63
6
-34
-39
-6
-4
-113
-3
-44
-33
-84
66
54
38
-34
-47
-92
-9
-97
-5
-39
-50
-79
-11
59
-37
-25
24
-57
-11
-26
14
90
14
-44
-66
-8
-6
10
-49
-156
3
-86
-72
-8
106
55
-111
-117
13
52
57
-62
-26
49
77
43
90
0
-110
-3
-6
23
29
-68
-56
54
24
-44
-11
16
-23
-53
-129
68
52
-147
-3
39
68
8
47
-11
67
86
-8
31
-63
40
44
-53
42
-20
9
93
6
36
0
57
45
-41
-16
2
49
6
-45
70
-9
-24
-34
5
-42
-85
14
41
25
-7
-42
-45
-6
-34
-24
-36
-39
0
15
6
23
-27
-76
71
-15
-14
17
6
-110
49
-10
14
-38
-75
32
-7
47
68
-52
-44
1
-20
7
93
21
21
-74
-108
22
2
16
-44
34
-8
1
7
-48
23
-40
40
-9
46
39
-24
11
35
28
22
-80
-35
-27
-7
73
-7
-28
85
17
-8
8
-16
-61
-5
45
-2
-2
-102
-94
60
-8
40
95
0
-76
19
-8
56
-40
-151
35
42
-101
19
-5
-7
-114
-11
-25
9
16
-3
-16
-30
34
39
26
-55
13
-46
26
61
85
-63
-33
64
-104
-35
37
86
-62
-35
-20
-20
-151
19
-35
40
4
-51
-27
13
90
53
17
68
-72
6
60
-23
-15
-1
68
-24
-28
-10
47
19
74
-45
0
-35
7
22
-25
-3
-34
17
-13
-27
80
-25
-25
-63
33
-31
-30
-42
-31
-1
-38
-41
-16
2
32
47
48
-4
-82
-36
-15
-39
-49
38
6
17
5
14
-9
19
14
21
-12
34
6
37
-63
35
-51
-150
-18
34
-67
-1
22
62
-85
-4
-1
4
32
-28
-25
-85
4
-67
-87
-4
68
-21
-67
53
15
63
25
-33
12
-148
-27
-3
-105
15
38
-62
-9
2
19
-28
-47
27
29
54
0
-17
-22
9
-10
103
-15
17
9
15
-41
-49
-117
37
-38
-9
-68
-42
-7
-7
-76
82
-82
25
21
-26
36
-35
37
-66
23
-5
-64
12
47
5
-27
0
-74
-10
-119
-35
60
16
-97
15
57
-6
-7
11
-45
-63
-13
-103
50
22
59
30
0
-92
-16
-8
30
-1
42
24
-26
14
43
-4
-8
-128
-6
64
-21
61
-50
111
49
-127
-59
-27
23
104
15
-12
-9
-15
79
-19
-21
-52
-54
22
51
59
66
22
47
-75
38
9
12
-70
-79
59
-8
0
-22
-62
-2
-15
-80
12
-124
-35
11
14
-35
2
0
91
12
61
-12
2
-10
-113
8
-103
-28
-19
10
-29
-50
18
13
72
-2
35
42
54
-72
-92
-91
-13
-83
21
-38
59
19
36
-41
-13
-28
-54
-125
18
31
11
-7
35
29
-2
-21
-6
4
21
-50
26
-83
-26
-5
-40
-106
56
27
-47
-22
-71
9
-9
49
-11
-11
-56
-90
-66
11
-2
26
-18
-30
37
62
91
-96
1
-60
6
9
-15
-75
11
22
13
-16
-39
0
36
-98
26
-110
10
-34
-3
2
-3
-1
27
10
-48
-12
34
17
-46
-44
36
38
2
-23
47
-42
9
4
-100
-68
-118
8
-20
23
-95
11
-101
7
17
-100
-29
-41
-25
-19
18
15
-47
72
22
-45
71
64
18
-7
-39
56
-41
-99
-105
-49
-12
-34
-22
0
0
-11
-23
0
-12
-8
71
-24
-80
-15
-29
-10
-91
40
-52
5
29
34
-72
10
18
-27
-27
-64
-63
-18
-31
2
67
-2
30
-16
4
-42
-51
-27
-90
-78
69
31
-17
8
23
-7
-73
35
-28
-72
31
36
19
-45
19
3
-1
-34
13
41
4
11
24
8
4
-84
-3
-49
63
-151
-9
-47
66
-4
6
-77
-21
13
-69
2
10
0
48
-35
90
-19
0
-5
-78
-25
28
9
-25
-94
23
21
-19
-124
20
62
-87
-44
-29
-56
0
64
13
-21
-77
-63
-11
-27
48
-2
-16
12
-40
29
22
51
-53
0
-24
54
31
-82
-34
-11
39
38
-24
22
26
3
19
13
-20
-42
32
4
35
0
0
-61
2
26
22
-15
-38
-38
-36
-84
108
13
-63
-9
-33
-22
-64
3
20
-89
1
-11
4
-25
-75
-85
-59
26
-32
-45
-26
95
-1
11
13
44
-45
11
-23
-61
-22
-41
27
4
39
-5
32
-38
-58
-19
-117
-91
8
-29
-53
36
-42
-39
17
-92
17
-76
-1
-34
58
-16
74
17
9
48
-87
25
-56
103
12
3
-4
24
-24
98
-17
-16
0
17
45
-46
-16
-76
27
28
20
7
49
-20
-114
-86
18
-42
-22
-79
-26
-56
-18
30
-1
-32
39
-2
-29
-16
-17
-36
-1
9
-16
-39
23
-53
1
35
-21
19
2
-6
1
-55
1
2
-17
-90
-24
-5
8
-41
-16
27
-72
-13
23
-34
39
65
-41
-52
-7
-47
-7
13
28
-46
-36
-67
-14
-88
-37
18
-112
-9
-55
27
-3
-7
-4
14
-60
-39
-81
-42
-1
53
51
-13
20
-69
41
-9
25
29
23
55
1
4
6
-7
-49
-87
-69
-36
-8
-8
14
-6
2
37
73
-74
-16
-35
-9
-126
1
8
58
-44
-37
33
42
-96
-56
-22
30
57
6
-91
136
-34
84
-157
7
-108
-4
-4
79
16
-78
19
80
-59
78
-91
53
-106
-74
-23
19
58
-16
-45
-31
-77
-183
-2
0
-5
-21
-35
-106
-27
-23
15
-16
-20
-52
-31
21
-3
-36
53
-89
13
10
-51
-67
14
-36
-10
31
-20
51
-126
-52
0
3
8
104
-41
-3
33
-1
21
-61
3
-92
73
-7
-4
-51
30
-104
50
-70
-71
33
-4
-77
-24
42
50
-50
-79
-2
4
-165
20
-102
-83
-77
58
-92
0
50
11
34
52
0
12
-31
-18
22
4
-1
-41
-24
-31
-47
-38
18
29
-42
-164
-1
32
70
-40
-95
41
16
81
-10
27
21
-36
49
-26
-67
-36
-25
22
4
-2
11
55
26
30
72
-25
33
-15
34
35
3
92
6
20
16
-38
0
82
-57
29
-42
51
-26
8
39
33
20
-76
89
13
4
8
14
-6
-100
12
-68
-34
-16
16
-23
42
-81
-1
-22
-53
58
63
-9
24
-48
8
-47
-19
5
37
-145
-52
55
-36
62
-2
-73
-4
23
59
-76
0
-36
-24
36
-25
-182
-28
-43
-19
-37
-14
-98
24
-28
-33
5
44
-93
-84
1
0
-87
-18
53
-93
26
35
-5
-57
-24
5
12
47
-68
-7
-41
-42
-109
16
-35
33
-12
80
54
-33
5
-29
74
51
-49
43
33
-2
15
35
-5
36
-66
24
-9
-34
-113
-67
68
0
-114
-57
8
43
32
0
-16
-3
-53
43
-17
35
-27
137
105
-27
-27
-98
-31
29
-22
-32
-21
37
-65
-126
41
-26
0
-9
0
27
-98
60
-146
5
-83
14
-23
71
45
71
54
-10
-55
-5
41
-28
-130
-32
-103
-58
10
11
22
65
-22
7
-2
-8
-27
-55
81
10
8
-18
-116
-82
20
-2
10
40
-13
-35
5
1
-80
-66
-79
-41
-17
1
-45
-81
35
61
3
-12
42
-43
6
31
9
26
56
18
0
-67
-8
-33
35
-66
0
-50
-32
-7
-60
-2
-3
56
-56
1
10
42
17
-14
-2
-26
-5
11
-83
-29
-23
-11
-43
-66
37
-29
3
15
20
-12
-9
53
66
18
-29
-7
7
15
-75
-8
-54
-58
33
70
-42
10
-25
50
-80
-59
58
-63
-22
37
-6
25
-11
-30
18
25
-88
-57
-22
-115
28
-20
7
4
-63
-33
8
14
-30
36
-29
9
53
21
-20
-24
-3
23
-18
-24
9
44
-12
-51
13
35
12
-6
40
-38
15
-15
-8
41
32
-44
-51
-65
82
-18
-15
-27
70
76
-88
-69
-96
-15
55
48
-5
27
-108
60
8
17
61
41
90
-38
62
-54
45
14
-49
-34
23
2
-75
17
-74
54
50
0
41
-11
8
-88
69
-160
-74
19
76
27
-23
-25
71
15
-3
58
-45
-6
25
-19
-82
-56
-30
-90
-8
-96
19
59
-8
-79
21
33
-45
27
-3
-16
53
-53
13
-65
-41
-91
-9
-44
15
-7
9
-13
64
11
40
28
20
-27
-5
15
7
4
67
23
30
-28
-56
-33
-51
-5
-5
-21
19
-52
-68
-2
-7
-127
57
-35
37
25
55
-26
-57
86
31
-4
60
16
-33
-56
-56
37
-1
-13
-141
0
-29
21
16
-42
15
60
-93
-124
76
-45
-24
31
-11
-41
-17
-16
-56
67
-52
15
14
-37
-138
-5
7
-31
-14
10
30
-46
44
-26
-94
62
1
-73
7
-7
21
24
14
-3
18
29
-5
-32
-4
-59
-116
-28
-76
12
5
2
24
-13
-14
-53
-29
-74
-102
-100
-4
-54
26
-49
-2
55
-64
-62
-52
79
13
49
114
14
-55
93
-16
10
-91
31
-85
18
27
31
33
79
-10
-99
74
7
-36
47
-16
32
-10
30
-77
-8
96
21
-7
9
-61
10
-1
-25
-51
-68
37
-79
-137
17
-37
42
-6
17
-23
-123
-12
-16
45
-15
30
10
2
-50
38
-53
19
25
-37
26
84
-65
-4
-9
-59
4
-7
-17
25
12
0
-32
27
-13
51
17
-23
-2
-88
-10
-19
-12
49
21
-78
-57
28
36
55
-96
-83
40
16
-11
-84
-31
-16
3
78
-42
-42
-27
53
-77
41
-2
-66
-20
44
-13
-21
28
58
-12
-21
68
19
15
-4
3
0
-11
-33
-35
-43
-35
65
-145
84
-34
11
50
-30
7
-93
65
-15
-4
6
-36
-84
14
-41
-14
-27
44
5
-60
19
37
-28
-7
-64
60
-49
75
-218
70
-33
10
-8
23
-33
-1
-95
-3
-8
21
-98
15
-39
34
2
26
-28
-2
27
22
-11
-8
-61
22
23
-19
39
-41
-20
-71
42
25
87
-35
30
-16
2
-24
-8
-32
-11
12
-75
0
12
-24
-11
-15
22
35
-29
18
-41
-61
-10
41
-14
-110
-56
79
-30
-40
-79
-34
-3
-14
-8
-4
-59
-54
-44
-22
25
15
-4
19
-88
0
24
31
12
87
53
-34
-146
41
110
-32
37
-47
-5
-4
-88
-29
-73
72
31
42
9
31
-61
102
-16
-20
-16
21
10
6
73
5
-13
-10
-62
-14
66
13
-89
-39
-38
29
0
-45
-6
-59
-8
-149
4
-150
-52
17
14
-16
-9
-20
82
2
-28
60
-48
45
-54
-53
-136
-123
-30
-58
-12
68
0
24
-23
-26
61
-3
11
52
1
-25
35
-69
47
10
17
1
-61
-114
-7
19
91
-43
61
-31
-61
-43
0
-22
-25
48
31
-70
60
51
12
24
54
18
114
-68
-45
65
38
7
0
-13
-22
7
-10
-50
-54
-51
128
-96
-17
-72
17
-48
61
63
46
15
-17
-13
15
-27
-104
-33
-37
-56
5
-41
-28
-32
-21
-33
-34
61
-50
-20
1
14
-27
49
-32
-7
14
-100
-65
11
-65
-31
-19
-66
55
-45
-60
11
-54
-24
-44
17
-36
-39
-54
19
24
56
-44
-66
-39
8
-50
41
15
7
-27
-70
42
2
12
40
14
-52
-29
-43
-61
8
-21
-40
-55
-60
7
-56
-67
-1
32
26
-29
-39
-78
79
-34
43
-1
-29
-7
20
1
67
-17
-12
28
-78
-36
15
-154
13
17
-67
61
34
-37
-69
47
-45
66
15
12
0
-102
27
23
-40
-10
-20
8
2
-17
-23
-51
-37
-73
-53
-5
-47
-43
35
-65
3
43
-24
17
-10
-49
36
43
95
-49
-14
4
-10
-13
-79
-3
-68
-94
-62
-21
-33
25
-3
-6
-86
26
-57
-44
-49
-25
-17
11
22
-6
-33
28
9
-11
-131
-4
-50
-13
-118
57
-54
39
-99
72
-88
24
-25
-15
-15
41
46
-122
2
14
11
-5
-19
21
-133
-67
-1
-14
-14
-8
3
-32
21
-19
-21
-5
-18
-19
-38
24
-21
-14
2
17
-2
-6
-10
16
29
5
4
-43
-7
-38
10
-20
-11
-41
-8
-10
-22
-5
-26
-32
-3
-11
-13
-16
0
-40
-14
-27
-3
7
-21
-7
-37
5
-32
-10
-22
-20
-6
-1
13
-12
14
-10
-34
-47
100
12
-52
-34
15
-21
-26
-109
-9
-2
4
-35
-19
-15
17
3
13
-74
-6
0
4
4
26
1
-11
-93
-16
34
-30
-97
-13
4
5
35
-77
28
-159
-11
-14
-104
-28
37
-34
-26
48
9
8
-79
35
-37
0
53
58
45
12
-73
-7
43
-22
36
-14
33
-6
13
74
8
-1
-15
26
8
-40
1
-30
18
8
-26
-41
69
-49
70
69
-39
13
4
-84
17
-35
33
-37
-14
-76
-66
-3
15
26
59
-30
3
-5
22
15
-90
-7
-4
14
-23
-122
-59
61
37
6
-59
-16
-49
16
48
-63
-10
-24
73
-46
74
-12
-23
7
41
87
24
-18
-43
56
-146
16
49
-78
74
-25
41
44
-43
27
1
-30
-15
57
-72
-51
-1
-13
17
3
-104
-32
17
31
-75
29
-39
59
-28
15
32
-81
-9
-19
111
-19
19
9
-18
14
-25
-72
67
-57
24
34
-94
57
24
23
65
-91
20
-20
11
-88
-68
-74
-28
-118
-18
14
-65
-14
-14
30
-24
17
-48
55
43
-16
5
7
-80
-19
-28
-62
-11
-3
-42
42
5
8
-72
-45
10
-13
83
28
-102
-19
20
-5
15
1
-2
26
15
-22
13
-41
73
42
20
-42
-64
55
27
2
-3
2
53
-6
-31
-29
-30
69
-118
-6
-74
-30
17
34
31
57
30
-9
-44
-50
5
-37
44
-48
63
-76
-27
6
0
-15
-17
0
16
-23
-98
-28
30
2
38
25
7
-20
40
53
-24
-81
-122
-47
35
26
-14
-9
-32
40
-68
-18
-10
-85
-50
-57
-46
-74
-34
25
45
-48
-15
44
43
-18
88
13
-66
-58
12
-16
-111
155
-46
3
38
-30
-69
-44
69
-113
-28
14
25
20
-33
-28
-56
40
0
-5
27
-44
10
6
-3
9
-138
12
-61
19
12
-4
50
30
-25
-37
81
70
-65
71
34
53
-63
24
-79
-46
104
-24
44
-32
-102
71
1
0
-94
-6
55
-44
23
38
-7
27
-25
-76
74
-116
1
-22
-66
-69
31
-62
13
49
-8
38
-136
-64
21
-27
0
3
-16
-12
33
46
9
-6
-6
-29
27
-117
36
-19
30
-12
-7
52
32
30
-160
23
37
22
-10
-94
-82
-68
-103
74
-19
8
-59
-34
-55
49
55
3
7
-1
12
-31
-4
55
54
-54
27
4
48
-95
-34
-54
-12
50
-11
7
-64
-170
2
-9
-50
57
20
11
-19
-194
55
19
-45
21
-21
-131
27
19
16
-22
-4
-10
49
-16
-79
-50
-8
80
6
14
48
25
63
-28
14
50
-4
-80
0
30
-100
-35
-91
-35
-8
30
28
-14
-60
14
26
28
-41
-35
-25
12
-27
18
-5
-21
-109
-44
28
-67
-45
-5
-76
26
-29
22
44
-7
25
-57
71
-63
54
5
-59
-13
11
-12
-120
15
-50
-3
50
23
-39
8
38
-29
-66
-73
-36
17
51
1
-21
83
-69
19
-27
16
-108
-29
13
-149
59
58
9
52
44
40
-104
-27
38
-35
-17
17
-41
-29
-65
-51
-5
-103
-2
-78
63
70
7
-53
-17
-2
22
-19
-48
-173
3
-5
-81
28
56
-135
-7
25
18
-87
1
-74
-38
48
36
26
25
49
-64
-46
57
69
-27
-36
49
-1
-89
2
-20
26
-26
-61
70
-70
54
-2
11
26
36
36
-121
-50
11
-37
32
-15
69
-138
37
-39
-47
-35
-12
-124
12
-19
-13
-97
-62
-17
-42
-41
-20
16
-12
91
25
18
-30
11
-23
19
-5
40
27
44
-30
0
28
5
-19
3
24
-3
6
70
18
14
-14
37
-73
-36
20
14
46
43
-65
43
27
-112
32
11
50
-11
-76
-14
23
-18
35
66
83
-113
-22
70
-37
6
-16
23
43
6
-35
-138
41
59
-125
15
54
21
-34
80
-11
-29
3
-97
-21
5
-3
-61
103
6
-25
-36
45
-9
-36
-35
75
-1
-31
-38
-27
26
35
46
27
32
-50
-11
-53
-78
-40
29
-119
12
62
43
118
-2
39
-23
-3
23
-34
10
-48
22
-2
-38
-16
56
-10
-94
-54
38
-68
-7
2
56
-44
-58
-65
-16
120
-2
7
20
-2
73
22
-40
28
54
42
-17
74
-87
13
-30
35
-21
-93
-19
-80
-75
84
-14
1
-33
-56
11
-7
16
-92
62
5
8
-45
57
27
-47
-7
-2
-71
-10
-45
-35
-23
0
-32
6
-35
18
23
-62
-58
-52
-67
18
-19
29
-15
68
-47
18
-42
-44
30
1
24
34
-70
-6
13
-26
-116
36
-96
-10
0
21
-40
39
-13
-21
48
-71
33
-106
55
-36
-1
-8
45
-66
25
-27
-62
52
-4
-46
21
-10
-30
3
30
-44
-70
39
-63
-56
-40
24
-22
35
-11
81
-54
18
4
18
-59
-37
-60
44
71
-20
-27
-15
-40
-37
-30
-63
-25
-35
5
38
23
23
9
0
24
-13
-14
10
-35
-112
26
34
-11
47
-75
-32
82
-23
-49
5
-15
91
43
-14
-88
39
58
31
-21
-14
27
-49
-50
-22
6
-35
-25
14
-13
-3
-11
25
9
31
-43
2
7
-37
-42
-62
-12
25
-3
26
-27
29
-92
-29
76
-7
-11
44
-7
43
-25
-14
-21
31
-98
11
34
-23
-100
0
48
15
-19
7
-17
-117
9
-42
11
-26
35
-6
14
-63
-97
45
4
-79
0
3
-99
-8
0
21
-152
62
-69
7
-40
38
-16
15
8
-75
-35
54
6
52
-39
-67
38
76
-16
-23
28
-39
28
-22
1
-76
-41
-53
1
-55
30
0
-37
-180
70
-13
-18
-22
29
-66
-15
11
-17
-21
51
-15
4
-45
-41
51
-24
-187
43
0
0
-27
19
-17
-38
-6
-34
-28
-26
6
-5
11
30
-1
11
28
55
16
2
-105
51
46
-60
-37
10
66
-71
5
-37
40
-66
-91
-22
-19
-13
-36
-43
45
-2
54
0
-21
7
-14
49
-47
13
6
56
-26
26
-94
-93
-71
-78
-90
-82
38
-3
19
32
32
11
-97
76
-109
38
-42
13
0
-19
-47
-2
-128
-18
48
15
-4
33
12
6
-25
68
-22
77
-57
-79
-151
5
67
16
-14
-109
-77
28
27
48
79
-26
29
26
18
-18
66
-21
-16
-60
1
-35
2
18
3
33
14
-45
-19
-102
41
30
2
4
33
-36
25
-30
-50
-6
34
-23
-14
29
36
22
-99
-15
31
63
16
-71
-17
45
5
19
52
-20
-87
11
8
-8
30
31
27
-29
70
-35
10
-110
-55
3
-8
32
86
86
-55
-8
9
-27
24
9
-6
23
29
52
-62
63
-64
-17
25
-93
13
-81
67
-45
30
-10
-33
21
-100
-83
63
-47
7
-29
47
1
18
-14
-48
-54
-53
41
-19
-52
3
-92
-86
-23
13
-14
-59
-149
57
35
-80
-7
5
-53
25
-9
-58
-48
-11
-50
-32
41
33
-39
-44
-16
-80
-64
-6
-6
24
-7
5
-114
-54
0
3
-4
18
6
16
-52
2
66
-89
-93
27
-59
0
14
95
61
58
28
-10
14
36
-43
-53
34
-9
-81
-9
1
-17
17
-35
14
-8
13
11
20
-15
105
-40
-28
-46
-11
-55
10
5
42
-36
-2
-19
53
-78
-60
-80
36
-9
-8
46
16
-16
45
18
-70
-63
-80
27
-45
-137
61
-61
-31
-38
53
15
-56
19
-136
-101
-121
19
-13
38
-135
11
-71
-25
48
-19
-10
-78
-26
-70
92
-45
-117
82
53
-52
34
56
63
41
14
7
-56
8
19
9
18
4
40
-33
-66
-50
7
5
26
-81
0
7
-21
11
-18
-21
-19
26
17
-20
-33
-73
1
6
-83
-52
-11
48
-54
37
46
-16
1
2
-42
-88
-31
41
20
13
36
32
31
-69
-50
27
23
-27
20
-6
-85
-42
32
4
-79
125
-23
31
4
42
28
5
33
-75
-186
31
-4
-23
50
11
-109
-25
-5
-103
-1
25
8
9
19
7
-131
-2
-24
39
35
74
-79
-1
5
-55
21
-67
1
-45
22
59
-70
-13
34
41
43
-13
-35
64
-50
-39
-72
46
42
-24
-66
0
-93
-27
-91
2
-24
-22
22
26
34
-133
8
7
-36
17
19
-1
-57
-36
8
24
70
12
-9
37
-41
-35
-89
-84
37
-10
12
13
-1
28
-2
49
-18
58
0
0
20
-1
33
31
-37
47
-22
78
71
-10
-43
-31
38
-27
87
-4
21
39
-34
31
-22
-48
-60
-142
33
-90
-71
-41
31
-116
-41
-29
13
0
-114
-28
-15
65
-61
-106
-40
2
35
0
12
35
13
24
44
14
22
-135
24
1
1
24
33
-84
12
70
-93
-20
-8
13
7
-47
5
-38
-48
-52
-9
-42
-19
16
-60
9
71
-46
8
-71
-8
-2
-93
31
13
0
69
4
25
7
70
-24
-73
-2
7
60
-19
-58
-41
11
-67
40
-71
22
-27
-19
55
23
-19
35
31
38
-56
-13
-17
38
-76
-20
30
-18
13
72
-42
41
-27
4
-34
-5
-92
-55
54
-49
-33
-58
-4
-103
68
-7
87
-111
-29
-50
22
-16
18
-9
17
-73
15
-29
-1
-19
-16
-8
-94
33
42
-11
-28
-29
7
50
56
7
-91
-68
94
-58
2
-14
12
-28
-48
2
10
68
1
-12
25
54
-15
46
-12
-27
-42
77
-70
-20
-4
-52
18
45
5
53
-56
-4
-44
-9
18
4
23
-12
-66
62
-41
-41
31
-90
3
39
22
-59
-37
14
39
20
-4
6
19
-17
-33
-8
-88
-71
-21
19
-2
-59
-1
-63
-49
57
0
-15
-14
11
-37
3
7
24
-128
-43
-9
22
-7
38
7
-2
-35
78
-6
-34
-80
0
-103
18
-9
-37
-16
-95
-42
32
53
-16
6
-49
29
-28
-9
14
-12
-14
57
19
-30
43
14
-21
26
41
-60
-78
31
43
-11
35
-18
-71
48
29
16
-27
-88
33
69
25
29
4
61
24
-4
-82
-102
41
105
11
-34
16
-35
43
10
-36
-20
24
17
-23
6
-27
-12
15
-78
-5
27
-27
-67
30
38
19
24
-25
-56
3
-2
-98
17
-22
18
48
13
-7
0
0
74
-65
79
27
0
-34
-93
-11
-97
-75
-3
35
-53
-5
-75
-3
-61
-28
-120
-52
-9
5
-86
34
64
51
-35
71
-15
-57
-36
-72
-10
-6
-85
31
45
-15
-66
-32
18
-15
-51
-131
33
8
10
-48
-83
63
-18
48
44
1
36
0
19
-52
37
88
-64
1
59
31
62
29
28
-10
28
36
47
-29
29
21
30
-63
-21
8
28
-23
-4
-103
4
52
-16
-31
0
32
18
-31
-4
-82
23
18
46
-7
-24
-23
10
22
9
-19
24
27
-24
-18
15
60
-76
-10
99
-75
14
-37
-15
28
-51
24
51
13
-161
55
-56
27
-38
1
-63
-59
-125
47
-103
-18
11
0
-19
-36
-25
37
7
41
29
-16
-44
-16
-2
-20
-58
-27
38
5
-73
-56
-29
-14
9
-51
43
-20
20
-27
-18
-2
-43
41
-66
-28
0
-7
-76
-25
10
31
1
-24
-31
-11
-54
-3
-10
-37
-3
-29
13
14
80
-36
59
15
-26
58
-63
-6
10
-42
45
-48
-47
19
47
-43
-56
27
-17
38
-3
-51
33
34
44
-13
-16
29
9
-24
-6
-9
42
24
13
-49
7
0
27
-24
-8
18
-24
12
-22
-45
-10
-64
33
-6
-54
55
-87
-27
-1
45
-91
21
-8
-15
-56
73
44
-43
22
-39
23
-34
19
0
-4
27
17
19
18
5
4
-8
17
34
-48
-46
-73
-69
14
-92
48
103
3
-30
-51
15
37
40
0
6
88
82
-32
-18
-36
-105
59
-26
0
18
-96
-39
82
28
-31
30
39
-37
-50
-9
13
11
-28
7
-26
-50
-10
-45
-122
-67
38
10
41
45
-64
-48
-86
-8
-47
-3
16
19
50
-7
20
85
-53
-39
35
-47
-73
-14
26
17
-10
-50
-59
-1
-3
-4
-11
-88
-23
-7
-28
-62
-22
-30
-38
5
-29
-37
14
11
-110
45
-34
7
3
-24
-3
-42
-3
5
-11
-37
21
-44
24
-59
-7
-34
-9
-40
24
19
16
9
14
-48
-9
-79
11
-7
-31
-58
-70
-22
2
-21
-29
1
-52
-109
-29
-52
-11
-74
-67
-16
53
-104
-5
15
1
0
3
-5
-4
-96
28
18
-39
44
11
-82
-9
4
21
-75
-34
14
0
80
-8
30
-64
37
75
-75
36
41
41
-44
-40
-39
7
-65
-16
-6
-91
-88
-11
-29
-17
17
39
-75
12
-49
99
-12
12
-99
-67
47
-46
-31
-1
17
-10
-21
-25
-3
-3
-17
-78
0
-11
-8
-8
-51
-51
8
-7
-77
5
-58
-12
23
-6
0
-31
15
-38
3
0
-17
-38
-54
14
-30
-55
10
-60
5
-5
23
7
-25
-33
-17
4
-34
-41
-32
26
-6
-3
-14
-72
-5
23
-36
-14
-5
-66
-41
-46
-57
-4
21
13
4
28
44
-65
21
104
2
15
50
-25
-43
-1
-19
-10
65
-67
-144
32
-104
14
42
-22
-2
-14
31
-1
7
-60
-5
-49
-30
65
25
-9
44
-43
-9
31
85
-13
4
-32
59
-36
35
44
4
17
-11
-63
-13
-39
60
-117
0
7
-36
-1
-24
-18
-67
-63
-10
-21
3
7
-33
34
-59
-62
-41
-67
-38
-36
100
9
41
-29
-38
-13
60
79
11
-23
49
-24
29
-91
8
-98
2
45
53
-3
-2
-42
-13
5
16
-19
42
-20
-13
-19
-35
1
-68
11
-4
-30
-11
-108
0
-5
68
14
-64
40
-27
-124
12
-79
48
-29
-36
-23
3
8
37
21
-3
-43
-57
-73
-60
-80
-32
-5
17
-22
14
-29
-72
1
-40
12
15
-29
25
4
8
-40
23
9
-6
25
-12
-93
-33
-83
-54
31
2
37
-39
10
-21
-48
10
-4
-33
7
40
-54
63
-114
12
8
15
-2
-24
-67
35
-64
-16
-70
3
22
14
10
-7
-73
-68
-34
-46
-19
50
-67
-32
-52
52
13
-51
33
-15
-74
-7
-13
-45
-47
-3
11
-36
-21
-8
-111
-1
-36
43
-9
85
47
-98
71
15
-63
-14
36
-38
16
32
17
25
-5
46
40
44
-51
51
-121
31
-55
-76
19
2
-43
-49
-69
38
-97
12
-50
26
48
-27
18
67
-28
35
5
-27
64
-46
52
59
21
-40
21
-8
73
87
80
-50
7
-70
8
36
24
-10
46
18
3
-60
12
-5
-12
-35
49
4
-25
52
-69
-29
56
-15
-27
-48
-47
71
-3
-52
30
33
46
6
-54
-111
-30
0
-11
-6
23
3
-17
-46
-39
0
3
11
-66
-14
37
38
12
-60
-55
-73
-27
-52
-16
-23
-69
-18
-81
8
0
0
-11
0
-28
-14
-10
-47
-108
11
-133
4
-53
35
-87
-22
-39
0
64
-6
-47
-89
24
-26
-11
-1
-16
-42
17
-49
3
16
24
26
15
-8
-16
5
-19
-11
-115
16
-2
-40
-31
-5
-6
-35
18
-23
27
-3
-7
79
46
75
15
3
-16
-91
9
7
74
48
-38
-77
5
-109
70
25
-14
-22
-34
15
55
4
-13
33
75
-13
-3
-32
-33
-93
-64
36
35
-3
26
-90
-44
67
-10
-24
98
-18
71
-37
-40
-25
-76
31
-7
25
68
-45
30
28
-56
-30
-3
-36
-2
-20
-56
27
25
-80
-64
-1
47
-54
-48
-19
-7
30
-9
34
32
-13
88
5
-29
46
-2
-18
-70
47
-59
13
-55
20
-64
31
-111
-60
0
27
-32
-5
-57
-34
-16
43
48
-23
3
9
19
-71
-36
-20
62
-22
-3
0
-16
-28
-66
43
-13
-47
12
-9
-7
-22
-47
44
29
-142
24
48
-84
-6
-75
-17
-33
23
26
-33
30
14
-17
-13
0
-26
29
-69
14
28
-54
61
-52
-33
-72
54
-93
4
-4
-14
-67
7
51
29
6
31
-92
44
-13
-9
-29
25
-39
33
-87
-31
7
-19
29
-24
28
25
-56
-36
-44
49
81
33
13
-15
15
40
-58
-3
63
43
-5
9
-18
44
43
-96
2
-8
-8
87
36
-84
65
-55
20
37
-16
22
74
15
14
-13
-46
-66
1
-44
20
28
-63
52
-26
-61
-14
-21
-114
-68
-36
-3
37
0
-16
1
90
62
-95
-105
-42
-7
-11
-26
68
53
27
-20
-8
-14
34
77
5
-90
3
-81
-1
64
-3
52
-15
14
28
38
55
-55
-40
-116
32
16
-70
18
12
-114
9
-11
-101
4
-53
-38
-3
16
-21
16
46
-5
39
-116
-7
-77
44
-12
-11
44
-4
-19
-28
-7
-34
44
25
-172
-71
49
40
-28
93
-15
15
-68
-12
56
0
-11
-33
16
-22
-9
-44
-106
55
-49
-86
11
-17
55
-6
-42
38
-102
31
-148
11
15
-2
8
-14
-179
-5
-27
18
-68
48
-117
11
-10
-68
107
-13
-55
-42
48
35
38
-7
26
11
-45
0
36
8
21
-2
-17
-26
-10
72
-118
-3
-28
133
31
38
-1
11
-43
54
2
1
-166
-46
-30
-20
-89
86
-76
66
-12
24
-74
-28
33
-28
-24
39
42
-61
-49
-9
31
23
-85
22
26
-8
-32
14
-34
11
-41
67
2
-46
8
38
-38
-84
56
-13
14
39
31
36
1
-43
45
-88
28
-72
-91
-17
-35
-9
32
73
-56
-3
-22
-77
-6
-5
71
-10
-47
22
1
-20
1
-17
0
1
-40
-41
-25
-105
83
-28
-23
-11
66
7
52
86
15
-15
29
-10
-26
0
-81
-57
11
31
-38
-2
30
-12
-85
39
19
-52
-8
12
10
48
-29
-48
-35
-36
-20
-15
-30
-12
-90
-60
90
-16
-59
-20
90
-112
47
-8
20
-44
-69
11
-13
17
-14
-12
-10
-23
38
14
17
-84
10
9
25
17
-41
-52
16
-3
3
-28
-15
-60
-67
24
10
-99
-4
-28
-69
-14
-10
-31
-3
-16
-41
-50
-12
-8
-63
43
-17
6
-16
-12
41
-30
14
-4
-37
-40
-21
65
-9
-8
-44
-23
-60
-18
4
-54
-39
-29
33
-15
-56
-14
1
-60
18
33
15
-95
-6
14
-50
-77
-8
-42
-7
-45
-52
-14
11
59
39
-20
15
11
-25
-22
84
-48
-14
2
-56
-76
-19
-2
-14
-10
30
-41
-3
21
-95
-63
48
-37
38
0
64
-80
-22
-43
-57
41
13
13
19
-27
26
6
11
-29
-32
-19
-13
17
5
-38
31
8
-88
4
5
-44
-8
-11
-43
7
12
-75
-17
30
23
-27
-31
-45
-75
-27
-37
-5
-32
-18
-90
-46
9
-23
22
49
37
-25
10
-13
42
7
30
-85
-11
-64
-36
-58
64
18
-3
-19
-40
-51
1
31
0
-18
-17
31
1
42
23
2
33
36
-65
66
-13
-62
24
53
35
19
-11
-101
-55
-63
-47
-125
-16
0
-9
-64
79
64
-58
39
-21
-13
-18
-4
-22
-84
21
-57
29
11
-14
-6
-10
52
25
-44
16
4
1
36
49
-75
32
-51
55
3
30
-21
27
-5
29
-14
-29
-12
-19
-23
32
-75
24
-26
-34
-31
-5
21
0
-31
-53
32
-26
-33
44
-6
-62
3
-27
-44
27
49
30
-61
-57
5
-16
43
-41
46
84
-23
0
-56
-8
11
21
94
60
-60
-105
1
-15
-21
-20
8
2
-16
-62
14
-54
48
-40
2
31
-116
55
-165
41
-5
-30
34
-27
-20
0
28
-14
-154
14
-83
-2
45
19
-52
-16
0
51
-17
-49
-16
-56
40
6
86
-25
-17
21
-72
-10
-81
-16
-57
-68
-23
-23
31
-33
33
-11
11
-4
-26
25
-79
-101
-18
-45
82
24
-72
17
38
-21
-96
15
-37
17
52
-52
48
-7
78
29
33
-9
-18
16
-36
88
-1
14
16
-70
73
-48
6
-74
14
56
-13
9
34
36
51
92
-8
20
-31
-12
51
-64
15
0
29
-27
2
39
35
-59
-11
-27
50
-42
4
-59
39
1
30
29
5
7
-152
32
2
44
-15
-114
18
-111
-68
43
-22
-23
-48
-112
86
-7
20
-3
-63
8
-24
63
59
-6
-25
-123
-13
14
-9
-81
-39
-121
-34
-54
7
-159
-1
-11
28
-55
-61
-70
-12
-55
18
13
-110
-32
6
18
-96
0
21
20
-44
61
27
-35
24
-34
-4
58
10
24
34
67
-31
-21
-72
32
-63
57
-88
84
24
69
-105
-13
-70
-29
40
-83
76
-35
-82
-53
-144
22
-30
-76
-31
-3
111
-41
-24
50
5
-76
-63
-125
-91
14
-162
-14
-101
-9
-94
11
58
6
-106
7
23
-78
-129
-3
-7
3
-89
14
-89
-6
-59
37
-1
51
-37
-117
30
71
92
-131
-33
56
-44
47
9
28
-8
-26
24
15
-18
33
-97
-56
91
-98
-80
-50
-10
12
42
0
-119
-8
61
17
43
-47
-58
9
3
7
-34
58
-45
-47
-29
-59
-44
-63
29
51
-81
51
28
28
20
24
-14
4
-13
-101
49
-19
-55
-11
1
-24
-17
-94
-181
23
-100
7
5
-1
-13
67
44
15
-27
77
104
-26
-117
81
59
-54
-20
8
-60
-40
-46
43
6
49
66
32
47
-16
11
-63
65
-92
11
-45
-14
-54
-69
14
-10
-13
50
-11
-134
14
11
-4
18
12
-13
-20
-2
-22
-49
69
-97
8
4
45
-91
43
0
-54
35
38
40
-50
-7
53
-20
-9
-85
0
14
2
55
25
-87
-1
-103
9
24
-43
-66
-41
-120
0
-108
28
-68
-8
22
38
29
-53
-104
56
53
-27
-99
39
-34
-2
-45
17
18
-3
-61
-75
64
2
32
32
-22
-40
-24
15
-6
80
28
-43
22
-51
-124
35
-76
-32
6
70
36
26
27
-84
-75
46
27
-16
-13
19
-159
51
3
-85
-13
63
-24
1
55
-19
-41
-48
-13
-23
29
-53
-26
14
-79
-26
9
-13
-22
29
-10
8
-26
-69
-22
26
-69
8
-26
26
23
36
-45
-55
20
15
-19
-7
-73
-14
-28
9
-40
11
33
10
-46
4
3
-35
-29
-21
55
1
23
13
-32
5
18
6
50
-70
18
0
-6
29
-1
-20
-42
-47
-44
14
23
14
-81
-21
6
-38
-60
-28
-45
-46
-13
-36
-38
-16
-16
7
0
-7
-31
6
4
9
13
-24
3
-11
-6
-44
11
23
-8
-23
18
-38
18
14
-32
7
-34
-7
-29
-3
-16
-38
-24
0
-8
-10
-24
9
-13
-36
10
19
4
-6
-4
-18
-36
-23
6
-27
15
-21
2
-32
-2
-21
0
21
-31
-44
-83
-67
-13
41
-81
-91
12
13
52
-21
14
-30
20
-75
14
25
-69
10
-28
-81
27
30
-63
21
-23
-54
-19
45
-68
0
55
-11
75
-36
31
-44
42
-57
-10
-13
40
-23
-11
1
27
10
-55
-32
-59
62
90
-10
43
-51
38
-92
-65
71
-2
36
-24
-1
-43
-9
15
43
-50
-112
74
-61
26
21
-29
-39
9
-33
8
22
-82
-15
39
7
-71
23
16
-4
12
-16
-7
-25
49
-69
-45
75
-41
3
-56
84
8
-50
-5
0
77
-60
-14
24
30
-61
-51
-3
12
52
13
-54
-69
-2
-78
-11
-12
7
-39
1
-26
21
1
-3
6
-119
65
-42
-38
67
-15
-15
31
-9
31
-7
-86
-21
3
-34
-24
-31
-42
8
-8
-176
24
28
-7
-96
-33
45
47
-17
75
25
58
-85
-13
19
11
7
20
-68
-38
22
86
-210
63
80
-26
-9
-68
12
-10
-8
22
-54
-62
-132
-49
7
10
-22
0
26
73
9
-8
46
-72
32
21
-51
-19
30
20
25
-53
10
-52
17
-47
-25
0
-90
54
22
-23
-24
-14
-15
13
88
-23
-27
-45
-137
-127
16
16
-31
-105
95
79
33
4
-60
-8
-62
-183
15
-43
51
-110
-3
36
-16
-5
4
-84
41
-12
57
-5
37
-53
-36
1
-1
-11
23
-91
2
-60
69
-40
26
90
96
64
-76
-78
-101
-22
-24
61
38
5
13
-53
-2
-30
2
27
-1
96
-18
-8
-78
-31
-7
28
-13
-44
-16
-1
5
-11
-40
18
26
14
-78
-10
-44
-30
91
-4
3
53
7
-33
-11
-25
-43
35
13
43
-89
-32
-7
6
-14
-39
-22
17
39
29
-7
-162
8
107
-87
42
-77
89
2
-152
-25
-71
51
91
32
-22
42
-12
89
-8
-6
17
46
13
5
48
4
53
37
-130
-14
3
-10
-98
-79
0
-8
61
-7
-29
-87
11
-112
-9
-122
-87
33
37
12
-6
22
61
23
-57
54
-24
18
-84
-46
-133
10
-2
9
17
22
-22
-21
-51
35
29
0
25
5
36
-15
46
-137
-50
-41
0
4
8
-131
-8
-20
17
-12
-14
2
27
4
0
17
-20
18
38
-30
-22
-56
21
-77
9
43
37
-88
81
-4
-11
11
9
-153
-23
30
-39
0
25
30
42
-68
-31
24
-49
-31
-54
-16
25
-54
28
-130
-14
-11
-44
44
-43
-15
-53
-19
-12
-21
-49
-82
0
29
-56
-2
10
-73
17
-11
-43
-62
29
-55
-21
20
-4
3
9
-15
-10
-32
17
18
-58
-29
-20
-14
11
16
-27
-16
-56
-38
-31
-116
50
10
-1
-68
18
12
-51
-29
40
38
40
-2
24
-65
-64
14
37
12
3
-26
76
-43
-24
30
-37
48
26
-43
29
63
-30
-81
-70
-44
-5
24
26
22
-77
6
2
-58
71
36
-85
-5
0
-14
14
-24
-17
7
47
-11
16
3
-21
-44
19
0
-65
1
-22
-28
-35
-32
-36
-27
-24
30
9
31
10
-17
-34
-80
-17
-91
-17
67
-70
4
10
106
21
76
-71
-15
-4
-36
28
-72
66
51
-93
16
-34
16
0
-48
-16
3
30
7
66
-85
-108
-37
7
17
-4
-38
56
68
-33
-8
23
56
20
-15
-12
-26
-60
-50
50
-44
48
5
-11
78
-57
-79
24
-36
80
20
-5
-43
25
-10
-56
69
-17
-6
-48
-64
-120
25
47
-62
-63
33
15
63
16
-44
-6
2
-4
0
14
25
17
-1
32
-22
-119
38
-47
-12
32
33
-21
63
4
-4
38
-65
-59
-125
13
21
3
-41
54
10
24
-6
14
-20
-63
43
17
40
48
10
71
-61
-53
-19
19
-39
26
25
-152
-2
17
13
-37
1
8
41
76
51
18
-15
13
-57
-24
-34
45
-67
-10
-90
6
-44
-31
-6
0
-5
6
9
18
18
7
-68
31
-43
-31
-39
-94
-37
34
-40
0
-29
15
-59
65
7
23
13
-20
-72
22
-93
14
22
-38
-40
28
-43
-59
-20
8
54
-52
-27
61
20
76
-70
-39
28
-6
2
-4
2
11
-42
-45
-56
-3
8
-20
7
0
27
0
-16
-57
-24
19
-21
16
-53
-46
-5
-9
-24
-16
-44
-26
-42
-10
-21
-34
-28
-40
6
27
13
15
-37
-31
22
-3
-21
-28
-13
3
29
-4
-29
-21
-39
5
-34
-30
-60
-48
-7
16
-32
18
-62
77
44
18
26
30
30
4
7
-17
-88
53
-60
13
142
29
-82
54
-11
19
98
26
-5
-6
55
40
-52
44
4
-46
-64
-19
-30
-2
13
-2
32
-4
76
29
-45
-92
-18
-65
29
41
70
1
-78
-53
-125
-5
-57
-36
44
59
2
0
34
-17
-53
-69
12
52
-7
23
-40
0
16
-122
-19
-50
-44
2
-47
-17
-57
10
72
-83
-10
43
-62
26
54
18
3
31
51
47
-28
-11
-50
-66
-63
14
-15
-22
74
-67
18
38
-14
3
16
-61
28
26
-19
-6
-4
14
-10
-35
-39
36
-21
-87
17
33
-14
45
-28
44
-28
41
39
-19
-10
38
-9
8
1
-54
-44
7
-93
3
26
-37
-25
-35
24
-22
32
21
19
2
27
27
0
-80
25
-40
5
-28
-49
-43
7
-10
-27
21
-47
36
4
1
-69
-6
13
0
-26
-34
0
24
64
-23
50
64
-30
19
30
-52
42
-17
48
-39
49
66
4
52
-83
-51
124
43
33
-30
22
-46
62
-73
-13
0
38
-115
-49
83
23
-73
-25
37
39
-79
-56
19
-10
16
34
-62
27
-89
-27
-77
18
-91
-126
60
41
31
-93
-13
-5
-17
15
14
18
37
0
-20
-19
44
73
17
33
-18
33
-40
18
40
6
-27
-81
36
9
52
19
-71
-88
20
-60
44
0
-47
-87
47
-86
16
-17
-25
32
-5
52
-27
-76
-19
-8
35
56
7
-20
-44
-24
-20
-65
-75
12
-40
-114
-40
-28
-17
-30
43
83
-85
-4
-48
34
-54
-11
-25
5
-41
-9
-89
-1
27
-10
8
-1
6
1
58
-72
-11
47
48
30
93
20
47
-19
48
9
10
0
-83
-29
-142
-10
21
-54
-39
-76
1
66
1
27
-38
-13
-22
81
33
20
-1
29
11
-42
-46
17
-31
-67
30
-78
8
52
30
-69
-21
28
-64
54
-45
19
3
-4
-10
60
-63
-6
-14
-81
16
-9
-46
-102
47
16
11
9
11
19
43
58
-9
18
35
-63
27
-34
-53
-50
20
-56
-28
10
-48
-43
13
20
-9
-64
18
25
27
-42
-21
-34
41
-9
-35
56
50
7
-97
-44
19
54
-73
-14
47
60
-26
19
26
-40
4
34
-40
66
-75
-26
-77
-71
24
20
49
-8
9
-6
23
17
13
4
-8
-39
-52
-93
-41
0
42
-8
35
-4
0
-52
2
-51
-10
-1
13
-52
-98
-101
28
26
29
-52
-18
-41
30
-47
-59
35
-14
35
100
72
-17
-10
-23
-64
-16
-38
-19
26
10
-29
-12
14
-3
40
-56
47
-83
10
-95
17
-38
-5
13
-52
-4
41
-83
-10
-132
54
17
24
3
-3
-103
-58
41
14
4
52
52
117
-10
57
81
-6
39
-99
-26
-13
-46
34
-98
-42
-16
-65
9
-16
34
25
56
-53
-105
17
-27
73
12
18
70
-121
38
-109
0
53
38
-86
55
-11
-45
-8
-31
14
26
0
-75
-16
-24
-109
-34
-148
21
-54
-67
48
-99
-46
24
-1
18
-21
64
-80
3
14
-138
22
-88
42
-20
9
32
22
-26
-14
-85
-79
59
-30
-65
-23
-1
-43
-110
-21
-77
57
45
-1
-68
-26
56
-89
-67
54
43
-32
50
-20
-5
76
10
-76
42
16
-27
-48
55
1
-57
-33
-18
58
-33
-15
-46
7
2
-51
21
16
39
-28
9
33
15
30
19
67
37
-37
17
-5
32
48
21
-39
99
41
10
-12
-6
-165
20
16
-9
23
14
2
16
9
-77
-19
9
-51
-41
-5
87
23
-122
60
22
-44
-44
19
-40
-61
11
-32
10
16
-53
-15
-11
-46
-61
-5
-23
-9
8
-16
18
9
11
7
53
-60
-108
-7
-36
42
-23
45
11
-131
-125
44
27
22
28
-109
-90
-47
-8
11
-79
24
-19
-48
23
7
-92
52
-28
-35
4
17
-10
-13
9
12
68
-36
-26
-19
-8
-71
-26
-51
55
-36
-68
6
-3
45
-42
2
-47
5
-17
3
12
64
-47
-24
8
-15
-80
26
11
-50
-63
-34
-27
49
-5
53
-59
75
3
30
-105
-29
-21
-4
54
79
14
-47
64
-16
2
71
9
-8
-41
63
-11
-29
29
-97
-86
8
-60
-11
-135
51
26
70
14
-82
24
-96
-134
84
-48
6
-55
78
54
65
16
-4
-77
-27
24
34
65
-17
-76
-73
-79
-44
-162
-18
-127
-25
71
-101
-58
-56
-73
38
24
33
-33
-81
0
22
-10
11
-54
-112
1
-8
45
-14
-21
-6
-161
14
34
33
-79
-52
4
16
16
3
-99
89
60
-61
5
-31
25
-11
50
-40
-13
-7
-9
-76
83
-3
-53
-74
-12
-10
-52
-35
-27
-33
48
47
-19
22
24
-66
59
-77
-42
-89
37
-80
-64
144
-87
0
6
5
-37
-3
-35
18
83
-19
-41
26
21
22
22
9
-7
-38
21
-23
46
7
54
-68
-7
61
-44
-104
-40
-28
42
-90
62
-76
-71
38
-73
-27
47
-18
56
-117
29
12
-26
-61
41
-100
-28
37
20
-10
-50
-17
-15
-31
-4
-66
-21
-85
39
-6
-32
-72
32
-29
-21
31
19
15
-41
-143
-55
10
-74
-4
-33
-70
32
-8
34
-93
18
-66
-51
48
6
-55
-1
16
-46
-122
55
93
-101
-23
-84
-20
-20
19
-34
-5
-51
10
-100
-34
63
-22
48
36
38
23
63
-44
52
4
72
-1
67
25
-59
-52
21
-104
15
-11
-86
46
-39
10
-108
-96
13
47
75
5
-41
12
15
13
-7
-14
23
-29
-13
77
-44
29
-3
-24
-1
-30
-18
-50
-96
-50
33
34
5
-48
-59
10
0
-47
25
86
-142
-25
48
-38
26
-3
-12
44
-29
33
-72
-9
70
33
-2
-8
-70
-109
-45
-14
-48
14
26
29
-124
24
18
-32
-57
-116
7
-39
12
104
-43
24
89
-36
-6
40
29
15
-5
69
51
-79
-74
-23
18
-29
10
-5
-40
68
-29
45
18
31
28
-7
-94
13
7
20
-78
40
74
-19
-55
-144
7
-9
-31
-27
7
6
14
18
-38
-43
1
30
62
49
-111
-23
44
-1
86
25
-55
6
-25
-1
-62
-139
27
-43
-9
-13
22
69
-139
-24
-3
45
55
-13
31
-173
-41
-137
18
11
42
-116
-9
62
17
-12
-72
22
-46
-4
35
4
75
-38
17
-71
-11
7
-23
19
12
-35
83
-108
41
62
-3
-70
57
3
-45
18
23
18
5
-7
-40
60
24
-42
0
53
60
18
-5
-99
15
78
66
-13
28
-110
-68
-11
1
-29
12
-22
73
0
-4
-40
44
-55
0
-53
11
-9
-108
48
17
-47
-45
-50
-8
12
49
-6
20
-16
-7
-20
35
-8
-39
-39
49
-17
92
60
-14
-47
32
-32
30
34
-39
-11
12
-32
-47
-60
26
34
-54
19
-39
6
17
2
-9
-40
48
-25
-17
28
-15
2
-11
-52
-61
16
-83
13
-27
-71
23
-9
-16
33
-83
23
46
-43
-10
-13
-47
12
-35
26
12
0
-126
-5
28
8
8
8
-21
0
-24
-28
-60
-40
9
38
-23
38
-48
-1
4
-32
73
-23
-73
32
7
15
46
97
-30
-37
60
15
114
-163
0
-41
-136
25
44
-74
17
18
16
-50
-8
5
-11
-26
41
44
38
-1
-23
-102
41
-39
27
-84
36
-1
22
-109
1
49
-65
19
-3
-134
61
91
-99
-22
3
0
23
-93
78
72
2
-78
-2
74
37
41
8
-16
-81
-10
-80
-25
0
-43
-3
-26
-63
-45
0
0
-25
-34
-50
-36
-58
-10
5
22
-3
8
-13
1
0
-35
33
-64
17
9
25
-5
-90
-42
-1
-47
-15
-38
-76
-32
-30
-16
17
-25
9
7
-23
22
44
-12
4
1
17
-42
-7
-38
-4
25
-46
12
-9
-36
3
-56
-2
-28
-41
34
0
28
-90
63
-71
-60
17
52
-35
64
2
4
-107
7
22
-16
10
4
-57
-12
-17
32
36
32
-21
-41
54
-2
-24
-99
43
40
-44
26
-60
-13
29
57
-3
-32
-23
62
-121
15
29
-64
-46
-24
-33
24
15
-14
-69
-7
85
-105
-38
17
4
38
-5
5
-46
-129
32
-34
67
-20
-15
28
48
31
-39
-26
50
-36
-34
79
-11
29
34
-26
12
-24
-96
13
-50
-87
45
-2
45
-11
-61
4
40
-19
-9
28
-73
-10
8
60
-20
26
24
42
-20
-119
40
-2
-88
-28
64
-66
21
-15
-32
-24
44
81
43
35
4
-52
33
58
-37
-51
58
-83
57
32
-69
-19
80
-33
78
67
-55
-7
-55
-128
-22
4
39
-81
17
-38
-48
-10
-25
-24
-73
-33
9
35
4
38
-42
-1
49
8
28
-54
-90
59
16
18
-58
-16
-73
-3
69
-6
-12
32
115
-17
43
22
-11
-15
29
83
15
8
-20
-6
-43
1
-11
98
-27
-102
-7
-58
-24
10
36
32
47
-2
40
7
10
-10
0
-15
-78
32
-45
9
8
-27
2
55
-33
27
-24
7
27
-39
2
-9
16
17
12
-53
9
81
-65
13
48
-105
-30
76
-119
-28
14
1
-58
-43
-2
20
27
-27
-181
6
-28
-31
-64
-12
-52
-9
40
-68
-2
-56
63
62
11
-41
-13
92
6
-23
0
-57
22
-10
1
45
26
8
57
-7
-48
24
-95
-95
-38
-9
-23
31
-28
59
20
33
-91
4
65
-50
13
77
-89
39
-68
-11
-2
-74
-46
1
-19
2
105
-29
-33
-23
35
-24
-48
64
-10
3
-2
4
-21
116
-39
55
-17
6
44
-103
-39
0
-59
-4
27
-35
43
6
-35
-80
15
-24
-67
94
-215
20
23
-12
-7
13
-4
0
-40
1
101
25
-30
86
32
-52
5
9
13
45
-28
21
1
22
-74
-30
6
-21
-177
-38
-26
-5
-44
9
-35
-15
61
60
44
-37
-19
0
-29
-33
1
0
-3
10
-19
-29
2
-3
-25
13
-14
-36
-20
-31
-34
-4
28
9
-18
-11
-15
-38
-32
-44
-4
0
-9
3
-9
-13
-3
-25
-37
9
-20
-5
12
-22
-23
-21
-22
-9
-3
-27
-23
-37
0
-6
-30
-21
-3
-11
5
-7
-24
-29
-30
-6
8
49
27
-77
-58
33
49
69
35
32
63
16
-9
-33
108
13
35
-16
-84
-48
39
41
29
0
-97
-10
73
0
-10
47
59
51
-29
-1
-39
-15
-77
-68
74
-22
11
-55
-44
-41
-23
-19
41
48
17
-54
70
-25
-3
11
65
21
45
-12
36
48
-80
-29
-99
3
-9
-10
-20
7
34
-40
-37
52
-9
44
-43
9
15
-51
50
-11
9
-28
70
23
-114
21
-7
-16
53
49
-13
-19
43
-124
-207
-39
13
-84
-155
48
-67
-22
54
-76
62
-76
-51
35
-26
-12
-66
3
19
-2
46
9
-142
-10
34
1
22
46
-139
-90
-25
6
-44
-69
-114
-162
-112
-48
-116
76
93
-73
-99
1
39
42
5
1
-54
0
-96
0
-92
-110
62
-153
8
-27
-220
23
-106
3
-104
83
35
-17
-29
-11
55
-82
-28
-163
-11
73
19
-8
33
65
-20
-89
87
-131
-1
-39
9
60
60
-49
-30
-69
-2
-17
-48
-20
-55
-145
-79
40
37
12
-23
-21
-38
3
-62
-49
-136
-59
-16
10
-43
29
-48
33
40
-46
16
32
9
-45
27
-15
8
5
-13
16
-48
-39
-61
86
-12
-39
31
11
64
-47
-43
26
-11
22
-1
-23
-4
12
29
-112
-34
-37
-20
-37
-72
-52
2
16
-25
44
-69
0
21
-27
-115
9
-16
2
17
19
-62
-53
-22
23
-28
24
-62
-15
-2
12
-37
-53
45
-40
15
-13
-8
9
-6
-8
-103
50
-79
41
12
-33
-2
-8
22
4
-53
49
12
-77
-11
-49
41
-12
31
5
-36
-8
-69
14
32
4
0
25
-113
0
-45
-38
-74
14
-39
27
-39
2
-51
8
55
0
18
-43
31
68
29
-28
-36
3
3
-118
-15
-11
0
-44
-37
-60
60
-83
14
45
28
26
-16
-4
-25
31
-55
-42
56
-23
6
23
-51
-39
-19
-21
14
-19
-64
-26
8
7
-48
72
1
34
-14
11
-76
69
-2
12
-75
-33
15
-71
11
8
-63
-8
70
59
26
-10
-66
-3
-11
-9
-52
15
-13
25
-20
-46
-54
23
-34
-14
6
-7
36
40
-28
-47
20
18
-57
42
34
30
49
-32
-85
-72
-82
-71
-24
-32
82
-9
-27
-63
-27
46
27
-71
64
1
-83
36
-125
5
-25
76
-17
-11
-29
24
-20
15
-84
-22
9
-34
45
48
11
82
-60
-17
-10
27
-101
-6
-177
-86
-3
4
-125
-56
83
5
-25
34
-22
-26
-7
13
-23
7
31
-18
51
-24
-110
-21
66
43
-7
-139
12
59
-7
-17
-20
14
-7
31
49
52
13
-17
43
-12
-44
18
0
4
-20
33
44
95
74
30
57
38
23
33
6
21
25
-8
59
-28
-2
52
-5
-14
73
67
41
17
26
-45
22
37
3
16
-75
-21
-46
-99
12
8
30
18
-1
-13
-14
1
100
-40
41
-22
-43
-17
45
62
27
20
-25
-63
14
-153
-7
-27
8
-13
-114
24
42
15
-26
-85
-113
-10
16
33
73
38
49
-83
10
9
-74
41
-12
-32
-153
-9
89
-30
34
-2
-6
17
-28
-39
-7
-26
38
29
-1
-30
-13
74
-2
-12
40
-12
-2
8
85
42
-29
-123
-42
23
59
-47
-57
71
-11
-14
20
18
-46
-87
-35
-76
-85
-58
-54
25
-9
0
47
5
-16
-33
71
-39
62
1
11
-56
-52
0
-21
29
24
-32
17
63
-18
-49
-133
75
50
55
-8
23
-35
45
-60
-99
-13
-97
57
13
-14
1
9
-20
64
-7
-35
24
-70
-5
23
12
46
13
-14
-3
-3
-46
-123
-73
-92
-20
48
-33
53
45
-50
-58
-56
-109
-83
20
25
16
-12
46
-10
-66
0
-51
33
-78
-149
67
21
27
37
27
-117
-58
-42
47
18
-74
-32
-13
18
43
19
33
14
-91
15
-16
2
17
3
22
54
12
-49
16
40
-69
-44
47
64
-61
-123
37
72
-54
-20
-111
-76
-63
76
-64
117
33
76
36
-38
-32
45
-83
-113
9
-19
24
41
-98
19
-57
27
-145
0
-29
3
23
-65
-51
11
23
-1
3
-55
-25
-126
-5
-10
2
29
-12
3
47
-32
-25
-16
11
-41
-27
-81
7
-13
-43
-18
21
-28
36
51
-12
-35
-104
53
-6
35
-38
-27
-112
39
65
39
-45
59
35
51
20
-9
-27
-5
-11
-79
-58
-45
-28
23
58
-67
-44
-36
15
32
12
-6
115
-13
-105
0
1
46
-8
0
9
96
16
24
-162
38
-67
12
58
-23
-26
-30
-19
49
49
-5
-9
-38
-29
-27
-24
1
37
-6
4
-19
-24
-87
16
-65
-5
62
25
-39
-12
-91
-13
-33
-70
9
7
-30
64
47
-73
-47
59
-11
44
10
36
-58
-39
-102
55
-22
42
43
62
-32
-45
30
28
-14
-126
-55
-13
47
-15
-43
16
30
-18
1
61
22
-47
110
-91
-28
-3
36
4
8
-58
-13
-8
-30
54
-53
20
-34
-33
27
58
-3
-61
-1
-132
18
-16
-9
31
-28
-71
92
-91
-7
8
12
-26
37
7
-54
-97
-4
6
-49
71
28
90
30
-16
51
-55
-1
-18
1
12
103
-64
4
59
-5
26
61
-69
-6
-14
-22
-16
11
8
49
-43
2
0
-58
-13
58
19
-48
4
-57
-47
106
22
85
-75
-13
29
-3
54
-25
-22
-15
10
-17
-48
32
7
72
-105
-35
9
-25
-46
21
32
51
-16
6
-27
46
19
53
3
49
10
33
-35
40
-42
-31
-171
45
78
-32
0
1
-119
8
14
-83
-1
18
-49
-38
-43
41
-15
7
-3
-8
-89
6
-37
21
-118
-34
45
28
-118
-29
34
-54
4
-66
-66
5
73
43
-13
-17
-11
-27
-41
15
-1
-31
-21
37
22
12
17
-21
6
-25
42
-29
8
-33
6
-41
-52
14
-38
-44
51
79
-16
-89
44
51
16
-28
24
-57
17
108
38
20
9
-57
47
-37
15
-5
56
-5
17
-97
-7
17
-61
-11
57
-42
-79
-9
-75
48
74
4
-29
-53
-81
-41
-69
95
-6
-111
-14
-117
-43
29
-61
-60
38
2
-100
44
41
-23
-45
-26
-33
-11
5
-22
-43
-11
-42
-78
0
-23
-41
-1
-47
5
1
31
-74
9
-5
-90
-49
-30
15
17
-22
17
-55
22
12
-156
-41
-66
-10
11
40
-20
-42
-20
-56
-32
-20
44
-30
73
-10
83
20
-39
-21
50
9
64
-5
43
-58
-69
81
-95
36
-21
7
106
-15
-33
-49
8
39
-61
15
5
16
33
53
-44
-55
20
5
23
-15
9
-57
22
42
-31
6
-8
0
-39
-78
17
-56
-111
-20
-26
-17
60
4
29
-45
32
-56
56
-21
35
-22
-55
30
-5
31
0
-16
19
16
8
-40
-7
-54
3
-31
37
29
16
-10
-57
4
79
98
29
41
0
8
-2
-18
62
27
76
15
-23
16
8
15
-18
-38
-68
16
14
-29
22
-58
13
74
54
30
-94
-5
-34
-43
18
4
28
-78
3
55
-19
72
-115
24
45
-22
3
28
-73
37
-14
29
-35
0
-10
-37
-65
-30
-219
-21
-30
-4
11
-174
45
-25
-112
9
-144
-5
-43
-26
-14
9
11
28
-6
-29
16
17
-3
-14
-29
16
-5
13
-59
-22
-54
0
-49
-59
36
-3
-27
22
73
48
36
46
-76
69
12
11
46
-48
20
-21
40
9
-46
-62
46
-5
-40
-72
-2
-1
14
-36
9
39
123
22
6
-76
0
-118
8
51
43
-24
-17
25
-42
16
53
-97
-1
-63
-12
-32
17
26
-11
-31
5
22
-2
-77
29
-33
-19
-7
32
53
-17
-39
-34
-38
68
69
0
-27
-33
15
-113
77
-12
6
-76
-47
-6
-17
57
-102
52
-41
35
25
-39
-11
76
-24
69
-11
0
-66
-92
-22
7
-24
-6
55
4
91
77
-23
6
33
25
10
88
-47
22
6
-128
-42
-43
-29
5
-23
-40
-17
47
-10
55
9
14
-49
-98
-2
-6
-73
-34
47
-4
-62
-6
0
55
-181
-35
41
8
43
-37
-92
-43
-4
0
6
3
30
82
-45
15
56
-70
-40
18
25
-61
21
31
20
18
13
-12
-83
-13
-51
65
-11
36
-5
42
38
-80
24
-24
-6
-17
25
35
46
51
-46
78
-70
-112
28
-1
-74
31
10
112
-42
3
35
1
4
-14
22
-64
-19
-13
-18
49
50
-20
15
-42
-22
58
0
-2
-65
28
-30
23
-39
22
18
1
26
24
-10
16
38
37
8
-42
-107
-116
65
20
-72
0
30
-15
-67
-14
-48
24
-52
52
24
19
-31
-3
-70
53
26
-30
3
-116
-10
43
-17
-31
-44
12
-23
35
-57
-73
7
37
-88
43
66
-36
0
-79
43
-9
-5
-25
-32
-37
30
16
-72
1
-63
-84
6
28
75
-3
-18
-3
-60
-21
17
60
14
40
0
31
5
-21
-18
88
-151
45
-48
-90
50
13
-150
19
-6
-66
7
32
-37
-15
20
7
38
-21
33
-20
-52
-44
3
36
-93
64
35
21
-114
12
47
27
-16
-62
-86
0
52
28
-38
-4
-47
113
-51
44
15
-95
-24
33
18
-7
33
-1
33
-26
-107
28
-81
4
-22
-65
-6
-32
-3
-57
14
16
54
53
17
-87
84
-10
-38
-117
-25
-63
50
45
-2
5
66
-12
8
17
77
23
-35
3
74
0
7
-58
39
63
-64
-8
-27
-21
69
-86
-133
46
-47
66
16
-118
42
-16
-3
-61
-61
-27
-120
-69
0
28
-12
8
-25
23
-148
59
-120
40
15
21
0
10
-32
-1
-76
-54
-101
87
78
5
8
28
-62
55
46
-3
87
-12
-56
-65
-16
-58
15
3
60
-73
1
-55
-16
-88
33
-55
19
-84
44
-126
35
37
-31
31
30
46
13
-10
-131
15
-14
76
-39
-85
-34
-150
-27
1
-30
11
-3
-2
36
24
69
10
32
68
-39
-65
-157
23
-45
30
-21
-11
-139
10
31
-43
-51
30
-44
1
10
-58
43
-20
-36
-47
-32
53
76
61
5
49
79
55
13
0
-7
-76
-73
26
-192
41
67
-4
47
16
19
14
-25
83
-24
22
4
21
23
-33
-125
84
1
-60
-3
-41
35
23
102
24
-22
44
11
19
-115
-11
-17
-39
-33
-75
-77
-21
24
2
25
24
-8
62
90
12
54
-6
10
52
-31
67
-79
29
-2
56
6
48
-81
-52
40
-30
-33
-38
0
-25
-16
70
-48
-91
-60
68
-63
-38
49
-79
0
-7
9
7
-25
5
53
27
12
-35
-5
-33
17
1
-42
47
53
-71
11
-65
-141
46
6
-33
20
-5
-31
-3
34
-8
35
67
-43
-191
-10
-38
-1
-21
12
24
8
0
23
-54
-4
2
-3
18
-17
-29
21
0
18
-56
3
-65
25
7
21
9
72
-158
-6
-18
-17
-32
98
-13
43
-110
-27
11
69
-55
2
-80
-26
93
4
7
-86
16
-4
25
40
12
18
-48
-133
-21
9
38
25
102
-61
-110
-50
0
-58
-71
-168
-27
39
1
-3
-56
48
-65
16
60
-28
88
46
-19
0
-116
9
-13
-1
28
-17
32
-34
133
19
-81
-30
62
-23
-58
131
20
-34
-52
-36
53
27
-64
55
-33
-64
-2
59
-83
-57
46
-14
-73
30
-15
-23
-3
-54
20
4
-21
-75
93
-19
-67
15
55
-35
69
-48
-103
20
-18
28
-94
0
-90
62
11
75
32
-8
37
-31
-138
38
16
-3
-14
-33
7
-80
59
19
45
-13
28
27
56
-54
-42
-49
-49
15
12
19
-132
-7
-147
51
14
-110
41
13
-64
32
-10
-55
31
2
-18
-71
0
13
-82
-92
52
58
46
-48
3
-100
71
-61
-24
8
-18
-62
26
-1
-66
-14
-25
-93
61
63
0
22
15
42
-116
-20
14
42
-47
-35
-62
67
-24
-22
-52
32
51
3
11
-90
-27
-60
-54
25
-62
99
32
-84
-5
-30
-43
-11
49
23
-19
-8
-145
11
70
-48
8
48
-11
-64
38
-33
2
6
4
-12
-21
-37
-36
-94
-83
18
7
-17
26
-32
54
-106
50
62
5
12
47
-11
10
49
3
-13
-33
16
-76
-54
38
83
12
32
-37
-78
53
-12
16
64
-65
-9
-31
41
56
17
-20
-12
0
-3
32
-21
-26
-16
34
-1
-29
-15
-2
-9
-14
8
-65
-31
89
5
-69
18
-114
-18
4
31
15
-114
-48
-81
-10
-10
43
-98
-2
24
-137
-4
-77
-26
4
102
-57
-22
-88
37
-72
12
7
16
-2
49
-34
21
-4
51
84
-43
0
-35
2
15
0
37
-28
-44
-9
-68
42
45
-24
-17
33
-14
-46
11
15
2
-144
-63
-6
-9
-4
-47
-14
40
1
-76
-51
93
-30
-16
33
4
-69
1
-78
-15
49
55
10
-34
5
96
-10
-52
-60
16
-2
1
6
71
6
-2
32
-13
30
-32
17
40
-79
-21
42
-65
-12
75
-41
-40
-128
-141
-7
-66
-37
-113
-61
20
31
57
-65
-101
22
34
21
-3
1
-131
0
-83
21
-10
-55
-47
-16
35
-23
25
-146
27
-5
2
94
-11
-47
0
70
44
-4
20
72
-126
-23
-35
39
52
24
-16
-208
0
14
13
-36
-79
31
27
-10
-28
23
37
60
55
-133
-62
-2
0
-21
-53
3
-7
13
-9
-137
-18
-42
-32
27
-8
91
17
-8
-82
-95
33
-20
-43
23
-63
76
-138
-7
-79
-41
-1
25
1
53
13
-18
-26
29
-52
6
55
-16
36
-16
-58
49
-10
39
15
3
-101
3
37
-56
26
-24
-61
60
-15
-32
27
52
-8
53
-126
30
-27
-7
-1
-33
-104
28
66
-78
4
-38
0
29
-15
-7
-45
20
25
19
12
-44
-86
-145
-14
-38
-29
17
50
11
-32
7
-39
-38
-99
-84
-25
48
-3
-71
127
34
-48
44
14
-53
45
1
-74
-34
-29
-6
15
-13
89
-56
82
-49
4
-31
-18
-118
17
-147
-75
-73
11
-127
-20
80
58
-64
33
-39
0
-41
-52
-23
38
3
52
26
31
-70
7
1
-34
-62
-157
1
31
45
-21
-10
42
-92
31
41
49
44
16
19
-53
-31
21
-62
-30
46
58
22
55
52
3
7
26
40
8
29
15
3
-31
9
-11
41
36
-39
38
-11
-38
-2
-42
-12
-44
4
-42
91
-38
-64
-45
-17
-34
12
12
9
76
78
-6
-38
-29
70
74
17
-35
-47
55
-15
-51
-14
14
-44
-59
-32
20
62
13
-120
-42
-39
-40
10
3
6
-13
98
16
78
-26
-20
-74
-10
28
-2
-74
-32
4
113
-65
-17
56
46
-89
-21
-25
28
-21
11
13
19
-57
-48
-90
-21
-94
62
68
-9
-33
-77
-1
61
-1
65
52
21
-157
-20
30
19
-29
-19
39
-41
30
-34
-25
-65
4
19
51
-11
34
-32
-3
-34
-103
32
-9
-32
-18
71
-116
2
43
-34
-67
22
-66
-55
56
1
-30
-19
-33
16
-15
75
-120
39
-91
-40
-2
45
-67
40
70
-47
9
-19
-63
-12
-14
45
-89
45
-50
-14
10
-17
11
-92
-41
39
-6
-37
90
-61
31
22
-13
62
-10
-42
8
23
0
-76
19
16
-67
23
43
134
22
15
-58
41
5
16
9
10
18
-55
-87
5
-87
10
45
-56
-112
35
-34
-40
-38
-23
0
36
-115
-3
-42
-101
-61
-25
21
26
-24
-33
-96
69
22
-16
16
68
-129
9
31
-36
11
35
67
20
32
-76
10
-165
-47
-79
-47
-134
-21
-50
65
-106
-66
-11
27
64
-26
-109
-54
-31
100
55
20
-12
-8
-45
-5
-33
-23
-10
45
-43
-42
-23
-46
45
-162
-93
0
18
30
-19
19
42
-82
-43
-33
-11
22
-1
53
10
-50
-121
-52
-8
-1
23
48
38
11
17
18
-72
47
-16
33
-18
-20
-19
-13
36
-127
56
58
-13
-16
60
30
-41
4
40
-82
11
18
-38
-22
-16
53
58
-57
-72
-10
8
90
-20
-26
7
36
75
-11
14
30
43
62
2
-52
-1
-18
-57
-34
19
27
-4
-154
30
8
14
-37
-37
-93
-72
16
60
-24
-86
28
12
-95
25
32
-1
-192
105
23
-21
0
-78
-47
-60
2
14
-15
26
-2
42
49
60
6
-34
-57
-1
49
-1
-122
-10
-2
-17
58
76
22
-146
-49
-193
-49
28
63
-36
24
89
-19
-22
-163
3
-122
-23
-14
19
54
-98
-2
-47
-42
-39
70
-23
-19
26
-70
-59
70
-62
-8
82
-71
-44
25
20
-5
52
7
91
-104
-146
-4
-67
-126
-74
-124
-72
-63
-29
-27
8
-69
62
-57
75
17
-19
-114
-2
81
-78
-29
-71
-72
-59
-40
17
30
-7
-72
49
-9
-1
31
26
-154
-2
17
-105
75
15
10
-40
-4
-50
8
-13
1
21
1
36
-5
39
17
-95
50
26
65
7
13
-18
-15
-12
4
1
29
25
-29
72
-12
-31
-21
-42
22
19
23
2
9
-22
8
30
-30
79
-18
18
-61
-7
17
0
-27
17
9
-30
-176
-8
10
-79
-54
52
-120
-5
-22
-106
-117
28
-43
24
-2
-9
-2
-50
28
-23
-98
38
89
-22
-65
69
-14
-4
33
-85
-11
-79
-35
-22
-20
4
-14
32
7
7
60
68
-115
26
-11
28
-12
-85
-17
-10
40
49
9
-45
-71
-66
19
44
-101
-49
-60
-25
-38
30
12
43
86
3
10
-61
22
32
-15
-30
7
56
-16
-15
16
-64
-15
-49
-3
40
14
67
1
50
45
-37
-16
-76
-11
3
71
18
11
-27
90
-44
-126
62
5
41
-19
1
-35
23
-55
-65
-3
56
-20
-59
10
-4
14
34
-21
1
40
-49
-20
-45
-21
-49
-27
-46
-67
17
82
-6
-2
-6
-11
7
15
0
-101
-16
-65
-88
-57
-36
-33
0
-19
3
-5
6
2
-78
-8
53
-60
49
-47
-82
-28
156
33
19
32
-74
-79
-20
-51
-10
-1
-88
-119
-9
-12
-101
-46
74
-3
-10
-62
31
-10
-61
29
17
-8
58
-73
16
12
19
43
-51
-141
-46
-104
-22
27
-34
-63
22
-41
0
14
39
-13
24
-50
-88
-80
-74
-18
37
-107
-10
0
-11
-9
56
-1
50
-92
-60
47
-21
-38
-31
70
48
-8
43
-52
67
-62
68
-40
4
-8
21
34
-57
64
39
-17
5
10
-33
37
0
-42
-162
50
50
44
38
-10
-61
-9
7
-72
29
-11
-15
35
25
-2
-36
17
-71
15
9
66
-179
22
-6
-24
6
-43
7
-69
25
46
-1
-2
34
-71
30
24
-66
57
-73
-84
-55
21
48
20
-76
-46
-52
19
-80
70
-63
9
7
70
17
15
-1
-21
19
-96
-56
-34
-22
-29
-4
-2
-44
-101
-61
35
-25
18
28
-11
-55
10
-14
10
2
32
17
-12
39
-19
-6
-14
31
-35
0
0
-59
5
-1
-19
25
30
-63
53
11
12
-23
9
-94
-74
47
5
9
-3
-16
6
-88
51
3
-75
26
33
2
-80
24
-9
18
-6
77
79
7
-79
-42
13
-15
-111
56
-8
9
61
-37
-55
47
-25
53
7
6
-16
-59
-26
44
7
13
16
-15
-103
-3
75
-14
0
-41
58
-20
51
-72
19
-107
-7
-41
-42
49
29
2
11
-25
-148
39
31
29
20
106
-51
17
44
7
0
5
11
-70
-30
40
-71
33
-86
45
62
23
46
-136
-90
-25
9
-31
-153
-70
15
-63
34
62
-102
-21
18
49
-35
-25
-4
9
-54
93
20
67
37
-121
-132
14
-3
0
33
-15
-43
-23
-19
23
65
-4
-98
78
-44
34
-20
33
38
9
-37
10
-79
65
15
45
53
-51
-125
58
-9
-3
-51
48
-19
75
18
28
-27
1
-30
6
-22
-46
53
-90
3
-43
-13
-4
-37
16
29
73
-64
-1
-29
-25
-11
-130
-4
29
20
22
-47
-60
-2
2
17
-12
22
-109
-13
20
0
29
-65
33
54
23
-1
42
-4
-118
-118
15
-13
18
-64
19
-3
26
59
-63
11
44
48
-1
-16
1
35
49
-14
56
-18
-12
-7
75
28
-62
63
-100
-96
0
-13
-18
7
6
4
31
52
5
14
56
-11
-99
37
82
33
-52
41
1
-58
44
-61
-17
-114
-26
-36
66
1
-22
9
60
-66
24
-2
-50
71
69
-23
-45
67
-57
-71
-37
-48
-20
-54
37
13
-12
-51
-54
44
43
5
-104
-36
-36
20
-1
-47
-34
-23
-23
22
-74
-22
6
-8
35
1
25
46
-61
-19
-14
6
-23
-1
-71
-35
-6
39
47
-26
50
18
-55
25
35
35
24
-63
79
-97
-28
-53
-26
-61
35
-36
-121
-12
66
90
-29
-57
-74
6
67
-37
-46
-23
37
49
-92
68
-8
25
16
-119
8
-80
57
77
-73
36
74
22
24
72
-4
5
50
97
30
-24
-45
-38
-29
-6
31
-62
-82
50
15
0
47
13
-49
-15
-58
-12
-61
32
-28
17
-13
8
43
-122
33
-2
-23
19
47
32
-10
-1
42
27
-27
-1
2
-78
23
-14
42
-35
37
42
-7
-14
-4
-50
38
-80
-9
47
-21
37
40
-12
-18
84
2
18
4
38
24
-22
11
47
2
-1
-30
-13
15
-29
-69
25
30
86
4
-48
-74
40
27
33
-16
30
-3
-1
-56
-85
20
-92
-65
-64
27
11
-28
-11
14
-26
-72
-8
28
43
24
39
-76
-135
-50
17
-26
-71
-34
44
-42
-5
30
-85
22
17
-38
-13
-45
30
-15
8
20
16
52
-101
-12
-60
-17
-42
-65
-57
-28
-14
-2
62
-78
-94
112
6
68
19
-61
51
30
61
-16
-112
-16
97
-38
-27
-53
18
-94
16
61
-111
72
-60
-2
39
40
-1
37
-150
-16
-167
85
-1
60
-109
43
-68
-42
22
-83
62
-151
-23
55
48
-23
-30
1
9
40
-93
-35
-34
22
1
-37
-16
-79
18
-57
-4
11
39
-119
2
-68
-30
-19
-65
-45
26
21
-12
-96
58
111
-127
75
56
44
-46
-14
58
-33
-84
69
11
0
-63
-33
116
58
51
-5
-11
77
47
61
-13
-37
-41
0
30
-22
-37
-21
-90
38
8
32
40
0
22
13
10
24
-52
6
-52
-96
12
-46
-16
-127
45
24
40
33
-127
16
-109
-109
46
-44
14
-63
0
41
4
-44
-98
-65
38
-6
65
56
-33
-63
-67
39
53
-34
-75
-40
53
-50
-78
14
60
-177
28
-13
-113
-13
30
-17
49
73
33
12
28
32
1
-7
18
-26
-11
-9
22
-49
26
-27
6
-86
-22
-60
-95
-17
2
41
-64
-33
33
-108
35
27
-17
42
99
-40
83
-44
37
-47
16
52
-13
-33
56
17
-11
-75
46
48
-12
-4
-81
-3
-22
-75
-78
-4
60
-86
71
-131
0
-23
4
15
-50
29
19
-31
-43
6
-32
14
12
-24
33
-12
-42
-95
52
-57
-22
-20
-32
-11
-204
-21
16
-18
-53
6
4
-69
12
7
-2
62
42
31
33
-56
32
-56
21
34
15
-5
-40
31
28
13
-16
46
31
60
35
38
34
61
43
21
67
7
81
28
49
41
-77
-29
-68
17
70
19
-42
65
29
-3
67
22
-8
49
29
51
-30
35
-45
39
-81
-71
-63
-25
-27
-20
-45
24
-118
-27
-36
-97
90
-66
17
-9
15
-1
-77
7
-9
-12
-90
34
43
50
-34
-28
-14
-26
21
-51
32
23
-55
20
-2
-5
46
25
-45
23
33
-13
-81
-31
-17
8
-36
15
-40
-8
-42
-40
-19
21
-9
-37
27
-10
39
-5
34
-2
22
-44
65
-24
53
71
21
-36
-25
-81
28
26
-107
2
46
22
22
-74
0
-66
34
55
15
-41
-11
43
-82
-47
-1
-84
-36
-17
38
-21
50
-75
14
10
40
0
-1
30
44
42
-16
-3
16
47
76
60
40
-53
-50
-15
-12
-3
38
5
34
-28
-76
-89
-47
56
-8
105
-60
-55
35
11
11
20
-50
-71
-45
-86
-33
-61
-38
-21
-69
20
1
-10
-47
-11
-68
41
-75
98
39
25
-3
26
10
21
100
-72
-8
-7
-73
26
-23
-9
-22
5
14
-28
-34
56
-8
-16
-118
25
79
-80
14
-2
-164
-27
-13
18
-67
48
-74
-24
-7
-61
53
5
50
-11
-28
36
104
4
-52
52
26
9
-83
-3
85
-53
-1
-67
-64
41
81
42
-10
21
-19
117
-30
52
-54
-15
38
55
12
-30
-104
29
-20
0
-1
4
22
-15
61
39
89
12
3
-6
-48
0
-80
12
-80
-77
-80
20
-21
25
83
-42
-32
-36
-10
88
69
67
6
79
-130
-21
-77
18
13
32
69
0
-78
79
-20
29
55
-16
-65
-152
58
-19
-84
-30
-118
9
-66
-102
-42
-71
-3
21
3
27
23
-21
-9
-148
71
59
-19
32
61
17
57
-16
-41
72
10
5
-39
-26
-101
-47
-60
6
4
-190
9
-45
35
-58
5
115
8
-6
16
34
-24
-73
16
82
-57
-23
16
-26
43
-55
-36
105
-41
77
52
36
61
-16
-40
-63
-53
146
-32
27
-54
-100
-84
18
-70
-59
-31
-101
3
-24
25
-2
46
-26
-49
34
-8
-77
-83
-6
-6
-28
55
-54
11
17
50
1
12
-23
-2
45
15
-47
48
12
-66
24
-58
40
-15
-59
-26
8
27
-51
-41
3
-76
-23
70
27
35
7
38
-73
-51
28
0
-77
19
34
-71
-14
29
-30
43
38
-20
-23
-17
13
52
22
51
3
-158
-22
8
36
17
14
-46
-45
-28
-130
-12
54
-59
-19
11
-17
8
-83
-3
25
18
41
61
6
-54
66
33
-1
0
-10
-55
-18
14
-29
-32
9
-40
4
-68
-74
20
-30
14
-16
-30
46
12
-23
-50
-14
-13
-66
51
-29
-5
6
21
27
