-181635
-148429
192066
-170216
-335018
174040
32797
-382971
45102
-20078
1821
-259919
-69026
-301657
-199254
-203644
-197012
-361352
397633
-232254
-226402
102179
115003
-222688
-422331
-615958
-149653
-230364
-346902
-255802
-68078
291244
-643543
-552443
-690898
-19634
-297224
32139
51033
-234963
117253
-855703
-317238
-400589
-84766
-420085
-153241
-261529
164130
-91227
178191
-641331
-900129
-98392
125667
29622
-430890
-396111
-448373
198883
-117537
-638989
-137423
-201569
-219390
-490197
373745
-422170
-49685
92842
-298216
-575374
-218139
-33255
240094
-216839
-173709
-9552
247687
-47947
-64268
-301960
-589292
-230294
-263401
150028
-278591
178711
-743595
-172629
79591
-550893
-289588
-149578
-171380
109561
-189739
-296471
-209568
-225086
128690
-658221
6421
-278882
50748
42252
-221929
246737
-285893
70548
-330647
-392935
-114330
306282
-562068
166784
-470956
-295524
113253
50537
42465
-164850
-449972
-357386
-300858
-363335
-177814
17332
58774
126009
-467267
-869548
-788828
-347846
36614
-380961
-100821
20711
-129090
-479393
-146109
-183894
-737059
92721
-261160
93482
-113313
-315337
-412623
-318445
238854
-157599
-357789
-749308
-271384
-500781
-149002
-304413
-8229
-234047
59603
-96553
182583
-151626
49405
22170
-163180
39907
-637752
113413
-177134
279845
-300290
-436481
72470
-156389
-337183
-9769
-229774
-124743
126991
-172690
-591469
-591004
-230594
-126331
-287173
-841249
98439
143336
75073
355281
-372008
-47528
-388532
60975
-57249
142648
-489991
-334032
74115
-101565
-41898
270519
110206
-6936
144705
-310675
-250304
309401
358754
142756
-519842
-658390
-96388
-313620
-365752
-282424
-345283
-528827
-232173
-884059
-232256
198914
-238348
-107367
-257043
256121
-106986
-157406
309521
-173026
-379443
-36547
-169277
-458016
466638
11252
-67651
228316
-122722
-143480
65300
-375488
-496171
98128
-521184
-703485
-61280
105634
-4123
482219
79383
274552
-378486
-90603
