62992
661670
-1117033
-163717
-886600
-593034
-1044137
-564690
408502
-103967
61824
-281200
-1246022
-486124
-960231
-47093
-237803
-35662
-387369
147421
-771141
-180630
-230206
-286522
748776
-386355
425254
6946
-630437
776128
-287744
-260248
397095
-1415894
672731
-1137088
366266
-176361
-609706
-521537
-1121227
-219793
72259
-410748
544872
982941
-654414
291643
-992540
-578456
-318588
589858
-561581
-283448
-423609
-691111
-546053
-1020776
1296
-219326
-972052
-455356
-320272
-731703
433826
-580944
-613313
-170954
526436
-454545
-791442
-73135
-116831
279026
-642863
-72781
-244291
-199595
-197987
927137
-417701
44621
107649
-301966
-419803
-1044889
27076
286025
234816
-847883
-692105
-585203
-1112915
-750871
-856788
-428342
1160841
2641
-124915
-311871
-287758
430806
-684005
-515535
-296462
-1614703
-145662
-1128569
760351
-911392
-816634
-1187978
-615530
-393613
738615
752071
-647461
384794
-219538
-463865
396690
-307478
233295
-586240
476758
-664226
-552647
-189263
