0
0
750
0
0
679
128
0
176
0
7
0
0
0
0
0
0
0
1553
0
0
399
449
0
0
0
0
0
0
0
0
1137
0
0
0
0
0
125
199
0
458
0
0
0
0
0
0
0
641
0
696
0
0
0
490
115
0
0
0
776
0
0
0
0
0
0
1459
0
0
362
0
0
0
0
937
0
0
0
967
0
0
0
0
0
0
586
0
698
0
0
310
0
0
0
0
427
0
0
0
0
502
0
25
0
198
165
0
963
0
275
0
0
0
1196
0
651
0
0
442
197
165
0
0
0
0
0
0
67
229
492
0
0
0
0
143
0
0
80
0
0
0
0
0
362
0
365
0
0
0
0
933
0
0
0
0
0
0
0
0
0
232
0
713
0
192
86
0
155
0
443
0
1093
0
0
283
0
0
0
0
0
496
0
0
0
0
0
0
0
384
559
293
1387
0
0
0
238
0
557
0
0
289
0
0
1056
430
0
565
0
0
1208
1401
557
0
0
0
0
0
0
0
0
0
0
0
777
0
0
0
1000
0
0
1209
0
0
0
0
0
1822
43
0
891
0
0
255
0
0
383
0
0
0
412
0
1883
310
1072
0
0
