15
-123
-46
-18
47
18
-53
33
-22
43
-72
26
-98
-56
26
31
18
-68
-9
-22
-28
-9
-16
-21
-38
-18
-62
-63
-59
25
-72
17
-12
-79
13
-60
-33
-10
-11
25
11
6
9
-2
49
-14
-15
9
30
26
-56
16
-36
-7
9
-45
23
13
-69
4
20
-28
9
26
-49
-28
45
-66
-94
-52
-32
-51
19
2
-43
7
14
-66
45
-6
-52
-21
-9
-17
-10
-39
-60
-17
42
-66
-66
-16
-4
40
5
-16
-105
-62
-8
-57
38
32
17
-35
-28
-30
25
-8
23
-32
46
-74
40
-22
10
-107
12
21
-80
33
-55
-15
25
8
-69
43
-98
-34
-54
9
-84
-8
-97
-32
-73
-171
20
13
60
-21
-47
42
11
40
-12
23
-3
-40
-140
-2
-23
-17
50
62
34
-70
-49
6
26
-1
-67
-65
-59
-107
17
-37
8
-1
-88
56
-29
46
12
55
-9
9
-16
32
28
-59
-55
7
-114
-57
-85
-37
20
9
-51
-32
-7
45
20
0
-6
-51
27
1
-37
-56
-6
-50
22
46
-6
-75
-4
43
-38
-40
-80
-27
-54
-1
-22
23
-24
-35
25
-23
-49
40
-87
-18
54
22
5
-51
17
36
-86
-18
-6
-40
1
-55
25
26
22
-99
-108
-26
-10
-29
-49
-22
-16
-30
-33
-7
-26
-61
13
-104
5
14
6
37
19
10
-92
0
-38
-63
-7
-74
-75
-1
-90
-57
-93
-61
-11
-43
2
-17
0
-6
25
0
33
-8
18
41
-22
35
-49
-6
21
-45
27
-32
20
24
18
-6
57
-53
20
-68
42
33
-93
2
-7
-12
-8
31
-38
5
18
42
-41
-88
8
-12
-37
-51
-17
-64
18
-110
39
-74
23
2
22
10
24
7
-27
-76
3
20
-84
37
11
-81
6
-8
-24
-62
-10
30
5
-13
-32
-50
-35
-53
-78
-19
41
-30
-14
23
-5
23
-18
-40
-21
-71
25
-25
23
-69
-64
-83
67
-10
11
37
-67
39
-46
-54
7
-8
35
-7
8
28
-31
-14
12
25
-96
-12
-88
1
-59
-35
15
-45
4
25
-2
-87
31
-73
-2
1
-15
-32
-111
-9
3
-11
-77
16
-5
44
-44
-85
21
11
21
-25
40
-15
9
16
-88
40
0
-25
-8
-103
-72
-127
59
-22
-11
-37
-10
45
12
-2
-3
14
26
-33
30
11
-9
12
28
-86
23
-10
-75
-50
10
20
8
-49
-20
3
28
22
18
-17
5
0
1
6
41
-18
9
-67
-29
-62
31
44
15
30
-72
-44
-60
-18
-100
32
-9
3
18
-33
12
-15
-11
-23
9
-58
-7
-85
78
23
-83
-8
25
37
19
-5
-91
11
32
-22
0
-6
16
-70
14
3
-67
-15
36
-12
-29
-6
31
-68
-16
4
-29
-74
17
42
23
-43
-23
1
-23
-6
49
-5
-52
2
34
-6
18
3
-14
31
13
-2
-103
44
-71
-7
25
-30
18
-91
22
48
20
21
34
-16
-6
-69
31
-8
-15
12
-14
-19
-116
-46
15
-38
-9
-8
31
-59
-14
45
-37
-10
0
0
-12
13
26
-99
-20
5
-56
16
-5
-132
3
-92
16
-147
37
1
-11
30
-16
-7
29
22
-74
-33
32
-85
15
-6
42
-58
-24
14
-29
-54
7
-10
2
-24
-79
-19
-25
17
-17
15
27
-31
-92
11
-45
-92
-50
-68
-10
-1
-93
-11
-78
-20
-9
-11
22
19
-16
-15
-59
-47
9
0
13
45
13
12
28
-105
-55
-2
0
11
-36
-44
-23
-18
-64
9
-17
-13
-107
-143
7
-35
-57
-15
14
-65
9
-21
-84
-51
-108
-63
36
15
-51
19
-44
-22
-65
49
-86
9
29
-114
-13
-11
-81
47
6
-8
36
-15
23
41
-54
-105
-4
43
-7
34
-49
-47
-73
9
-35
-65
-77
-1
17
37
31
-4
-101
54
-25
-28
3
-16
-83
0
-42
25
0
42
37
-40
-49
-21
-22
25
-21
-143
0
-28
30
-14
-24
-108
-1
-33
-27
-39
-78
50
0
-21
18
2
26
33
18
17
11
6
-32
-92
24
7
-6
-6
34
-114
-70
5
0
-34
-136
7
8
54
-115
-20
-19
-55
-111
56
11
-89
-10
-15
38
-19
-98
-13
12
-46
-11
-21
8
36
-66
10
10
19
-59
-47
-23
-7
15
-121
-52
34
-20
22
-29
-60
-26
39
-3
-80
-29
17
7
-10
-54
-60
-28
-24
-74
18
-11
-37
-43
-106
9
-19
-38
31
-1
31
2
42
-4
-23
-19
-52
-18
-55
22
-124
-140
32
19
-23
0
-154
-24
-16
20
-98
-13
-34
-88
-45
-93
-6
24
-136
8
7
41
56
-39
-3
-3
-37
0
-10
-26
27
40
14
12
-21
-48
-47
-69
34
46
9
-65
4
-31
-43
3
12
-97
-31
-94
19
34
-14
22
-17
24
11
-70
-5
36
13
-11
-31
20
-65
-1
5
-21
-42
-58
8
15
12
44
-4
17
33
-21
-54
-2
9
-125
33
-72
-11
4
-67
27
26
-20
-88
-86
13
-64
37
-17
-120
26
35
34
27
-58
-30
8
-102
-75
14
-66
6
-82
-57
-9
37
25
23
6
-54
15
-27
-85
-64
-13
-103
-31
-97
20
-17
0
38
-30
-64
14
-28
-15
30
-81
-55
-70
-19
22
10
49
5
-9
-4
-41
14
-8
32
-19
37
17
6
2
59
-18
-54
37
-73
-115
-22
12
-3
17
15
39
-12
-27
-64
-53
-17
-76
32
-53
25
4
-34
3
-29
-11
-19
-47
-64
55
6
-24
-79
-43
-76
3
-73
14
2
0
42
3
-34
-25
10
21
5
-81
-109
-4
-29
-46
27
-36
-8
34
-94
18
-7
30
23
22
39
-42
8
6
52
-21
0
9
46
20
35
6
-92
23
12
26
-24
-11
11
-29
-12
36
27
-50
-21
31
-4
-75
36
-1
-9
42
48
-10
18
-20
17
1
-54
-53
2
44
14
-6
-11
6
-2
31
-11
-23
-78
39
-46
-11
47
-88
17
-37
-22
7
-6
15
-40
-52
-20
-25
-35
26
-73
-119
5
-33
-64
-98
-1
-58
-50
-49
-18
46
28
21
-18
34
-9
-23
-10
33
-8
-9
12
21
-17
13
31
5
24
-75
-60
16
-20
33
50
36
-35
16
19
-11
-9
19
-1
-37
5
-52
-44
-67
-27
-70
0
19
-1
29
48
0
30
11
0
1
26
25
-40
-90
-30
1
-1
-15
-55
32
-23
-6
-28
-9
3
21
22
6
20
-10
-5
27
-55
-54
22
-99
-41
7
30
19
31
-42
59
-7
30
-50
-11
16
26
-43
-77
1
-6
-102
-23
-49
44
-103
33
-85
42
23
-35
-24
0
15
14
-56
22
-17
-2
-168
-65
-8
0
-13
-34
-92
-11
-73
36
30
33
36
11
-17
-101
3
-36
-29
-49
-29
-15
-42
10
-95
8
20
-20
