2678
-735
276
-20868
163
-3929
-530
2636
1058
711
-548
6205
-3436
1635
411
-10663
-5562
-12285
-13889
4065
5206
9130
1296
8163
-3739
-1117
-3127
7670
-2494
-5783
-10390
-4659
-5160
-5260
5380
809
3582
1164
2816
-12109
-1358
-2072
-1729
5003
2918
-4626
-8362
3857
-2611
-406
-2331
3711
1552
-305
1596
5286
-6514
-2525
3970
-1008
-781
3249
-2369
-9938
3261
1653
1864
619
-14479
4931
-5153
647
122
-4907
-3873
5327
-3292
3697
-1710
-9845
-2620
-12569
2910
-352
6495
-7859
1300
2102
331
-3289
-4549
6370
13044
-4312
5600
-8061
585
-950
-4142
4330
4433
-7391
-1978
1363
2808
2836
-6992
2370
3700
8081
7239
7691
-1329
3133
-29091
8321
-15975
6657
11255
-10059
746
5015
7103
-3161
11186
9327
-7847
-1856
