0
0
0
0
0
0
0
0
0
0
0
0
0
0
0
0
0
0
0
0
0
0
0
0
0
0
0
0
0
0
0
0
0
0
0
0
0
0
0
0
0
0
0
0
0
0
0
0
0
0
0
0
0
0
0
0
0
0
0
0
0
0
0
0
0
0
0
0
0
0
0
0
0
0
0
0
0
0
0
0
0
0
0
0
0
0
0
0
0
0
0
0
0
0
58
63
86
127
127
75
47
0
0
0
0
0
0
0
0
0
0
0
0
0
0
0
0
0
0
0
0
85
127
127
127
127
127
127
109
15
0
0
0
0
0
0
0
0
0
0
0
0
0
0
0
0
0
0
85
127
127
127
107
71
88
127
127
61
0
0
0
0
0
0
0
0
0
0
0
0
0
0
0
0
0
26
125
127
105
16
6
0
3
103
127
70
0
0
0
0
0
0
0
0
0
0
0
0
0
0
0
0
0
39
126
105
13
0
0
0
61
124
127
33
0
0
0
0
0
0
0
0
0
0
0
0
0
0
0
0
0
0
16
9
0
0
0
0
105
127
127
33
0
0
0
0
0
0
0
0
0
0
0
0
0
0
0
0
0
0
0
0
0
0
0
59
124
127
99
5
0
0
0
0
0
0
0
0
0
0
0
0
0
0
0
0
0
0
0
0
0
0
38
124
127
116
32
0
0
0
0
0
0
0
0
0
0
0
0
0
0
0
0
0
0
0
0
0
0
0
64
127
127
72
0
0
0
0
0
0
0
0
0
0
0
0
0
0
0
0
0
0
0
0
0
0
0
88
123
127
80
6
0
0
0
0
0
0
0
0
0
0
0
0
0
0
0
0
0
0
0
0
0
0
13
117
127
117
18
0
0
0
0
0
0
0
0
0
0
0
0
0
0
0
0
0
0
0
0
0
0
0
99
127
127
71
0
0
0
0
0
0
0
0
0
0
0
0
0
0
0
0
0
0
0
0
0
0
0
39
124
127
95
6
0
0
0
0
0
0
0
0
0
0
0
0
0
0
0
0
0
0
0
0
0
0
10
100
127
127
71
0
0
0
0
0
0
0
0
0
0
0
0
0
0
0
0
0
0
0
0
0
0
0
67
127
127
87
6
0
0
0
0
0
0
0
0
0
0
0
0
0
0
0
0
0
0
0
0
0
0
0
124
127
127
13
0
0
0
0
0
0
0
0
0
0
0
0
0
0
0
0
0
0
0
0
0
0
0
0
124
127
127
22
10
10
10
10
3
0
3
10
10
19
75
75
75
74
5
0
0
0
0
0
0
0
0
0
124
127
127
127
127
127
127
127
84
72
83
127
127
127
127
127
127
127
62
0
0
0
0
0
0
0
0
0
87
127
127
127
127
127
127
127
127
127
127
127
125
124
124
85
59
59
29
0
0
0
0
0
0
0
0
0
0
59
62
62
62
83
127
127
127
78
62
62
21
0
0
0
0
0
0
0
0
0
0
0
0
0
0
0
0
0
0
0
0
0
0
0
0
0
0
0
0
0
0
0
0
0
0
0
0
0
0
0
0
0
0
0
0
0
0
0
0
0
0
0
0
0
0
0
0
0
0
0
0
0
0
0
0
0
0
0
0
0
0
0
0
0
0
0
0
0
0
0
0
0
0
0
0
0
0
0
0
0
0
0
0
0
0
0
0
0
0
0
0
0
0
0
0
0
0
0
0
0
0
0
0
0
0
0
0
0
0
0
0
0
0
0
0
0
0
0
0
0
0
0
0
0
0
0
0
0
0
0
0
0
0
0
0
0
0
0
