20
18
-24
17
41
-14
-40
-23
-50
18
18
-58
38
-13
44
77
-41
-55
-18
-6
52
29
-31
-49
10
-44
35
24
57
-74
-71
57
6
22
33
9
31
-16
-36
-64
39
24
-29
0
-3
43
-88
-30
-18
42
29
-15
26
18
-39
-41
-66
-98
53
-79
-51
-12
-25
-4
-30
22
-60
25
5
33
50
-64
-39
-33
-58
41
-28
18
0
49
-54
15
13
9
-32
-44
-7
-48
-14
52
-61
-17
-71
8
53
47
38
-67
-17
0
-38
-78
-28
13
14
11
-22
33
39
-52
27
-64
17
28
6
10
-53
-51
5
26
-39
38
-23
74
2
-30
46
91
-115
-5
-4
-51
25
14
-55
-18
46
4
26
45
16
-46
-47
105
30
-49
-30
12
14
-62
-48
-46
-6
29
16
-29
-9
-44
34
-17
37
-64
19
-5
37
37
48
-53
18
-27
36
3
-23
-36
-19
-7
44
-78
-12
19
31
-34
46
12
-14
2
29
47
31
5
-29
-53
-21
0
21
48
-27
-74
-24
-54
30
-43
-13
-78
-15
-14
-68
-60
26
3
28
32
-18
-42
39
-56
-22
17
-18
-35
-17
48
23
-38
-28
-39
29
4
-15
14
36
-9
51
15
26
24
-36
20
-22
-45
8
55
36
21
13
28
-14
46
21
4
-46
-34
23
-61
10
-68
-40
-5
40
4
-35
38
11
44
29
-69
1
44
-11
-58
19
-10
-42
-7
-17
14
-20
9
-11
25
17
-98
33
-31
5
-3
-24
-62
-48
33
-67
-24
39
-74
10
-35
14
-66
52
-29
-69
12
48
12
31
-12
-65
2
19
-61
-45
-52
-43
-16
-37
-6
28
26
69
77
-28
-84
-13
-12
12
-73
11
14
-12
19
-36
-31
-56
41
-64
-21
-9
33
36
-3
-41
39
-32
42
-23
18
-24
-32
2
22
-26
-67
47
46
5
17
-53
26
-70
53
-24
19
-122
-3
10
38
16
21
-88
1
18
-19
25
7
-4
46
-1
20
-35
20
32
100
-37
-66
94
-84
-80
-39
40
20
-76
33
-70
12
-59
8
51
-26
-26
5
-12
-19
34
35
-12
14
-61
30
2
-45
16
-48
43
47
-19
65
28
8
32
12
-3
-20
14
-31
-77
31
-54
-100
53
-12
-10
-7
23
-2
-44
18
3
-53
19
-72
4
-22
33
4
7
-88
42
-68
-82
-8
49
21
20
7
52
-16
-10
-6
34
2
-47
-55
-5
11
-32
-55
-87
-57
-47
-37
-35
-35
14
10
-47
35
13
57
75
-15
-54
-19
-55
20
11
-6
37
41
-29
31
44
36
-29
22
7
32
33
-60
27
26
-52
-28
-3
5
55
20
41
55
-17
28
20
-87
41
-12
-27
-40
-22
-7
-40
14
-37
2
39
14
-17
29
15
-127
49
30
19
44
40
-49
30
39
-7
-32
-28
49
-22
-14
-16
57
-5
-9
-17
20
12
29
-75
34
-47
38
55
15
-10
-48
-34
-11
-17
-60
21
14
39
-5
30
-44
-20
35
-54
-102
17
-59
-21
-19
32
51
24
0
-54
-19
22
33
21
38
12
-6
-29
3
-1
-30
-45
53
-12
-5
-17
15
55
30
-21
-82
22
-26
-12
-67
-118
-81
-48
5
13
24
43
25
22
15
37
-29
-30
20
-115
16
14
37
31
17
-52
0
-26
-17
-101
1
20
25
-31
-36
-60
-25
-59
2
